# Created by Octave 3.8.1, Sun Apr 19 22:56:45 2015 ART <nicolas@nicolas-HP-Pavilion-dm4-Notebook-PC>
# name: values
# type: matrix
# rows: 301
# columns: 2
 -15 2.812466509505636
 -14.9 2.14177397765449
 -14.8 1.483700002295923
 -14.7 0.8625269545271758
 -14.6 0.3013013774160314
 -14.5 -0.179067644591684
 -14.4 -0.5606274250098433
 -14.3 -0.8290854211448861
 -14.2 -0.9743698499097138
 -14.1 -0.991024915386339
 -14 -0.8784249546355701
 -13.9 -0.6407989980036012
 -13.8 -0.2870647686094477
 -13.7 0.1695212870243893
 -13.6 0.7118840404984584
 -13.5 1.31979914724687
 -13.4 1.970685359510269
 -13.3 2.64048823911531
 -13.2 3.304620204386192
 -13.1 3.938919623602941
 -13 4.52059093015928
 -12.9 5.029088511131027
 -12.8 5.446909380187191
 -12.7 5.760263297414506
 -12.6 5.959593896952254
 -12.5 6.039930332941621
 -12.4 6.001055717892823
 -12.3 5.84748593545191
 -12.2 5.588259970325348
 -12.1 5.236550410360227
 -12 4.809109940011426
 -11.9 4.3255761750886
 -11.8 3.807662825486434
 -11.7 3.278269690946467
 -11.6 2.760547214779632
 -11.5 2.276953113688235
 -11.4 1.848338897059958
 -11.3 1.493102874799622
 -11.2 1.226443577555734
 -11.1 1.059743483984467
 -11 1.000107727366792
 -10.9 1.050076246926549
 -10.8 1.207520905324126
 -10.7 1.465731690144612
 -10.6 1.813688549216648
 -10.5 2.236507979298865
 -10.4 2.716046491572738
 -10.3 3.231636794689379
 -10.2 3.760927217588591
 -10.1 4.28079075224867
 -10 4.768267296329546
 -9.899999999999999 5.201501329218636
 -9.800000000000001 5.560637416188419
 -9.699999999999999 5.828637598007336
 -9.6 5.991987821313592
 -9.5 6.041264975021817
 -9.399999999999999 5.971541644308271
 -9.300000000000001 5.782612155310088
 -9.199999999999999 5.479030603054057
 -9.1 5.069959048526417
 -9 4.568831639490483
 -8.899999999999999 3.992847751907352
 -8.800000000000001 3.362314071865969
 -8.699999999999999 2.699861569703239
 -8.6 2.029568317930366
 -8.5 1.376022873221719
 -8.399999999999999 0.7633653296776217
 -8.300000000000001 0.2143440605045487
 -8.199999999999999 -0.2505744383059884
 -8.1 -0.6140072819317903
 -8 -0.8623366875935357
 -7.899999999999999 -0.986244168459638
 -7.8 -0.9810762209260505
 -7.699999999999999 -0.8470269845385395
 -7.6 -0.5891306210647268
 -7.5 -0.2170637153512027
 -7.399999999999999 0.2552344553242156
 -7.3 0.8101087051346386
 -7.199999999999999 1.426880067509585
 -7.1 2.082655791101879
 -7 2.753225055904712
 -6.9 3.41400486945894
 -6.799999999999999 4.040998626220844
 -6.699999999999999 4.61172933004381
 -6.6 5.106110509407975
 -6.5 5.507220356262772
 -6.4 5.801948492241812
 -6.299999999999999 5.981489856018666
 -6.199999999999999 6.041666309654087
 -6.1 5.983063436496007
 -6 5.810977374396401
 -5.9 5.535174101802752
 -5.799999999999999 5.169471068717674
 -5.699999999999999 4.731158141641306
 -5.6 4.240281229328573
 -5.5 3.718817419534544
 -5.399999999999999 3.189774768189973
 -5.299999999999999 2.676252869908407
 -5.199999999999999 2.200501883438463
 -5.1 1.783017726246132
 -5 1.441709687433781
 -4.899999999999999 1.191173796310069
 -4.799999999999999 1.042101041453459
 -4.699999999999999 1.000844131458482
 -4.6 1.069160139420974
 -4.5 1.244139332011066
 -4.399999999999999 1.518323031704554
 -4.299999999999999 1.880005794789421
 -4.199999999999999 2.313709810063536
 -4.1 2.800812528112906
 -4 3.320302393882088
 -3.899999999999999 3.84963242087193
 -3.799999999999999 4.365637418689492
 -3.699999999999999 4.845478123631668
 -3.6 5.267574386891619
 -3.5 5.612489990719534
 -3.399999999999999 5.86373357307631
 -3.299999999999999 6.008443470018839
 -3.199999999999999 6.037928899702157
 -3.1 5.948045628636361
 -3 5.739390851891231
 -2.899999999999999 5.417309221609969
 -2.799999999999999 4.99170948537484
 -2.699999999999999 4.476698747594069
 -2.6 3.890048642079665
 -2.5 3.252514412285722
 -2.399999999999999 2.587033769767179
 -2.299999999999999 1.91783720701811
 -2.199999999999999 1.269504986245146
 -2.1 0.6660081693290253
 -2 0.1297717105834826
 -1.899999999999999 -0.3192032234306702
 -1.799999999999999 -0.6641228798806393
 -1.699999999999999 -0.8920593881908528
 -1.6 -0.9944579304257646
 -1.5 -0.9674724764053908
 -1.399999999999999 -0.8121167519944315
 -1.299999999999999 -0.5342244455240309
 -1.199999999999999 -0.1442202325909597
 -1.1 0.3432892881725293
 -1 0.9100885055506767
 -0.8999999999999986 1.535066806293265
 -0.7999999999999989 2.195045342196618
 -0.6999999999999993 2.865683741463037
 -0.5999999999999996 3.522430790034988
 -0.5 4.141481379000216
 -0.3999999999999986 4.700701785732853
 -0.2999999999999989 5.180486638067699
 -0.1999999999999993 5.564513651213596
 -0.09999999999999964 5.840366316876898
 0 6
 0.1000000000000014 6.040033150170553
 0.2000000000000011 5.961852312803715
 0.3000000000000007 5.771527051390372
 0.4000000000000004 5.479538470350146
 0.5 5.100332456208622
 0.6000000000000014 4.651715736825048
 0.7000000000000011 4.154119115938408
 0.8000000000000007 3.629757523995653
 0.9000000000000004 3.101720625548221
 1 2.593030475166469
 1.100000000000001 2.125704008295392
 1.199999999999999 1.719857939343493
 1.300000000000001 1.392891925310349
 1.400000000000002 1.158782707982482
 1.5 1.027517496802718
 1.600000000000001 1.004689275657246
 1.699999999999999 1.091270232714085
 1.800000000000001 1.283572381875756
 1.900000000000002 1.573396951944172
 2 1.948366564234846
 2.100000000000001 2.392426902626782
 2.199999999999999 2.886497793884327
 2.300000000000001 3.409247631371561
 2.400000000000002 3.937960130869501
 2.5 4.449458700493635
 2.600000000000001 4.921051385722601
 2.699999999999999 5.331458508061731
 2.800000000000001 5.661685785686657
 2.900000000000002 5.895807880037943
 3 6.021630868010965
 3.100000000000001 6.031206953502942
 3.199999999999999 5.921180612846999
 3.300000000000001 5.692952081732338
 3.400000000000002 5.352651369022635
 3.5 4.910923535340294
 3.600000000000001 4.382533500301903
 3.699999999999999 3.785805841814683
 3.800000000000001 3.141921636804043
 3.900000000000002 2.474100102503961
 4 1.806697403266232
 4.100000000000001 1.164258305984075
 4.200000000000003 0.57055826523634
 4.300000000000001 0.04767392129050341
 4.400000000000002 -0.3848811160744908
 4.5 -0.7109209033191279
 4.600000000000001 -0.9182218678459577
 4.700000000000003 -0.9990023836697208
 4.800000000000001 -0.9502281762182205
 4.900000000000002 -0.7737314289385879
 5 -0.4761388618924959
 5.100000000000001 -0.06861163840932494
 5.200000000000003 0.4335925719981752
 5.300000000000001 1.011717985460615
 5.400000000000002 1.64424579307802
 5.5 2.30773676839376
 5.600000000000001 2.977747953583942
 5.700000000000003 3.629787056446052
 5.800000000000001 4.240266709890169
 5.900000000000002 4.78742077214229
 6 5.25214637799855
 6.100000000000001 5.618738427951821
 6.200000000000003 5.875487504019101
 6.300000000000001 6.015117656987363
 6.400000000000002 6.035046901942799
 6.5 5.937460332438404
 6.600000000000001 5.729193236434726
 6.700000000000003 5.421429171276992
 6.800000000000001 5.029225328498051
 6.900000000000002 4.570884398235333
 7 4.06719825334229
 7.100000000000001 3.540593871353621
 7.200000000000003 3.014215795207872
 7.300000000000001 2.510981946391763
 7.400000000000002 2.052650646947457
 7.5 1.658936238198275
 7.600000000000001 1.346708722998241
 7.700000000000003 1.129309483215455
 7.800000000000001 1.016010469823159
 7.900000000000002 1.011638515219907
 8 1.116379805653228
 8.100000000000001 1.325772339758387
 8.200000000000003 1.63088667505357
 8.300000000000001 2.018687728017135
 8.400000000000002 2.472563145854201
 8.5 2.9729970984687
 8.600000000000001 3.498362513678603
 8.700000000000003 4.025800029867624
 8.800000000000001 4.532148457649492
 8.900000000000002 4.994889464823139
 9 5.393068609973996
 9.100000000000001 5.708155773225126
 9.200000000000003 5.924810431254558
 9.300000000000001 6.031521002324211
 9.400000000000002 6.021092495214987
 9.5 5.890962734098198
 9.600000000000001 5.643334258867628
 9.700000000000003 5.285116345185435
 9.800000000000001 4.827679157684562
 9.900000000000002 4.286429541667975
 10 3.680225074550806
 10.1 3.030649454462893
 10.2 2.361177842401482
 10.3 1.696265175162214
 10.4 1.060393553401412
 10.5 0.4771164593555245
 10.6 -0.03186229400897311
 10.7 -0.4475383423957764
 10.8 -0.7543515548088565
 10.9 -0.9407962596862097
 11 -0.9998726857346149
 11.1 -0.9293616924235092
 11.2 -0.7319118807468918
 11.3 -0.4149356250045559
 11.4 0.009681845730615257
 11.5 0.5260487643113787
 11.6 1.114890024842225
 11.7 1.754302523108423
 11.8 2.42061265593219
 11.9 3.089301950614545
 12 3.735964104010556
 12.1 4.337255481291034
 12.2 4.871801405851707
 12.3 5.321022352720308
 12.4 5.669847366996209
 12.5 5.907286538239219
 12.6 6.026839991394529
 12.7 6.026727380254389
 12.8 5.909929030390269
 12.9 5.684037389406408
 13 5.360925003812561
 13.1 4.956242552347681
 13.2 4.488767233800621
 13.3 3.979627763508515
 13.4 3.451437139415157
 13.5 2.927368000350112
 13.6 2.430207670211441
 13.7 1.981430771641298
 13.8 1.600326570278762
 13.9 1.303216004786346
 14 1.10278975675417
 14.1 1.007593862109496
 14.2 1.021683455523012
 14.3 1.144458507404341
 14.4 1.370688128088716
 14.5 1.690722466457682
 14.6 2.090883721697048
 14.7 2.554020616813061
 14.8 3.060204137046556
 14.9 3.587536676678451
 15 4.113042189819869


