# Created by Octave 3.8.2, Fri May 01 21:14:41 2015 ART <FranDepascuali@Franciscos-MacBook-Pro.local>
# name: values
# type: matrix
# rows: 3001
# columns: 2
 -15 2.812466509505635
 -14.99 2.74553177792906
 -14.98 2.678501482847922
 -14.97 2.611400186044134
 -14.96 2.544252497658873
 -14.95 2.477083066571781
 -14.94 2.409916570762726
 -14.93 2.342777707659737
 -14.92 2.275691184477255
 -14.91 2.208681708548298
 -14.9 2.14177397765449
 -14.89 2.074992670357796
 -14.88 2.008362436337783
 -14.87 1.941907886738258
 -14.86 1.875653584527193
 -14.85 1.809624034873588
 -14.84 1.743843675545343
 -14.83 1.678336867331779
 -14.82 1.613127884494697
 -14.81 1.548240905251748
 -14.8 1.483700002295923
 -14.79 1.419529133354905
 -14.78 1.355752131794119
 -14.77 1.292392697267044
 -14.76 1.229474386416743
 -14.75 1.16702060363214
 -14.74 1.105054591862777
 -14.73 1.043599423495721
 -14.72 0.9826779912982317
 -14.71 0.9223129994298079
 -14.7 0.8625269545271758
 -14.69 0.803342156865827
 -14.68 0.7447806916014789
 -14.67 0.6868644200951445
 -14.66 0.6296149713251106
 -14.65 0.5730537333893114
 -14.64 0.5172018451014635
 -14.63 0.4620801876843148
 -14.62 0.4077093765633009
 -14.61 0.354109753263938
 -14.6 0.3013013774160314
 -14.59 0.2493040188680812
 -14.58 0.1981371499148722
 -14.57 0.1478199376414132
 -14.56 0.09837123638625311
 -14.55 0.04980958032718485
 -14.54 0.002153176192275841
 -14.53 -0.04458010390081968
 -14.52 -0.09037272947453889
 -14.51 -0.1352075185871152
 -14.5 -0.179067644591684
 -14.49 -0.2219366427560526
 -14.48 -0.2637984167404996
 -14.47 -0.3046372449310287
 -14.46 -0.3444377866255522
 -14.45 -0.383185088070546
 -14.44 -0.420864588345732
 -14.43 -0.457462125094546
 -14.42 -0.4929639400979697
 -14.41 -0.5273566846896129
 -14.4 -0.5606274250098434
 -14.39 -0.5927636470968807
 -14.38 -0.6237532618128268
 -14.37 -0.6535846096026723
 -14.36 -0.6822464650843563
 -14.35 -0.7097280414681246
 -14.34 -0.7360189948033247
 -14.33 -0.7611094280510223
 -14.32 -0.7849898949807871
 -14.31 -0.8076514038900975
 -14.3 -0.8290854211448861
 -14.29 -0.8492838745398177
 -14.28 -0.8682391564769365
 -14.27 -0.8859441269614762
 -14.26 -0.902392116413561
 -14.25 -0.9175769282947357
 -14.24 -0.9314928415482552
 -14.23 -0.944134612852164
 -14.22 -0.9554974786842707
 -14.21 -0.9655771571981903
 -14.2 -0.9743698499097138
 -14.19 -0.9818722431928197
 -14.18 -0.9880815095847563
 -14.17 -0.9929953088996429
 -14.16 -0.996611789150172
 -14.15 -0.9989295872770323
 -14.14 -0.9999478296857652
 -14.13 -0.9996661325908432
 -14.12 -0.9980846021668275
 -14.11 -0.9952038345065513
 -14.1 -0.991024915386339
 -14.09 -0.9855494198383602
 -14.08 -0.9787794115302851
 -14.07 -0.9707174419524915
 -14.06 -0.9613665494131435
 -14.05 -0.9507302578415469
 -14.04 -0.9388125754002519
 -14.03 -0.9256179929064714
 -14.02 -0.911151482063411
 -14.01 -0.8954184935022562
 -14 -0.8784249546355701
 -13.99 -0.8601772673229628
 -13.98 -0.8406823053499668
 -13.97 -0.8199474117211176
 -13.96 -0.7979803957683224
 -13.95 -0.7747895300756609
 -13.94 -0.7503835472218718
 -13.93 -0.7247716363417582
 -13.92 -0.6979634395079655
 -13.91 -0.6699690479345103
 -13.9 -0.6407989980036012
 -13.89 -0.610464267117325
 -13.88 -0.5789762693758489
 -13.87 -0.5463468510838935
 -13.86 -0.512588286087182
 -13.85 -0.4777132709408363
 -13.84 -0.4417349199115592
 -13.83 -0.4046667598156301
 -13.82 -0.3665227246947621
 -13.81 -0.3273171503319439
 -13.8 -0.2870647686094477
 -13.79 -0.2457807017112488
 -13.78 -0.2034804561722044
 -13.77 -0.1601799167762556
 -13.76 -0.1158953403062304
 -13.75 -0.0706433491476226
 -13.74 -0.02444092474894521
 -13.73 0.02269459905874927
 -13.72 0.07074554288051871
 -13.71 0.1196938887116364
 -13.7 0.1695212870243893
 -13.69 0.2202090639846938
 -13.68 0.2717382287957888
 -13.67 0.3240894811659032
 -13.66 0.3772432188970559
 -13.65 0.4311795455919155
 -13.64 0.4858782784756541
 -13.63 0.541318956329698
 -13.62 0.5974808475341468
 -13.61 0.6543429582158174
 -13.6 0.7118840404984583
 -13.59 0.7700826008520093
 -13.58 0.8289169085375134
 -13.57 0.8883650041443338
 -13.56 0.9484047082162729
 -13.55 1.009013629963162
 -13.54 1.070169176054464
 -13.53 1.131848559491315
 -13.52 1.194028808553648
 -13.51 1.256686775818616
 -13.5 1.31979914724687
 -13.49 1.383342451333047
 -13.48 1.447293068316787
 -13.47 1.511627239450663
 -13.46 1.576321076321295
 -13.45 1.641350570219973
 -13.44 1.706691601558974
 -13.43 1.772319949330018
 -13.42 1.838211300600849
 -13.41 1.904341260046339
 -13.4 1.970685359510269
 -13.39 2.037219067593966
 -13.38 2.103917799268017
 -13.37 2.170756925503145
 -13.36 2.237711782916612
 -13.35 2.304757683430066
 -13.34 2.371869923935143
 -13.33 2.439023795962965
 -13.32 2.506194595353635
 -13.31 2.573357631921925
 -13.3 2.64048823911531
 -13.29 2.70756178366048
 -13.28 2.774553675194479
 -13.27 2.841439375876778
 -13.26 2.908194409978236
 -13.25 2.974794373443307
 -13.24 3.041214943421642
 -13.23 3.107431887765274
 -13.22 3.173421074487642
 -13.21 3.239158481180671
 -13.2 3.304620204386192
 -13.19 3.369782468917898
 -13.18 3.434621637130313
 -13.17 3.499114218130846
 -13.16 3.563236876931466
 -13.15 3.626966443536261
 -13.14 3.69027992196131
 -13.13 3.753154499183291
 -13.12 3.815567554013181
 -13.11 3.877496665891727
 -13.1 3.93891962360294
 -13.09 3.999814433902341
 -13.08 4.060159330056454
 -13.07 4.119932780290176
 -13.06 4.17911349613866
 -13.05 4.237680440700411
 -13.04 4.295612836788317
 -13.03 4.352890174975332
 -13.02 4.409492221531752
 -13.01 4.465399026250765
 -13 4.52059093015928
 -12.99 4.575048573110974
 -12.98 4.628752901258494
 -12.97 4.681685174401906
 -12.96 4.733826973210408
 -12.95 4.785160206314621
 -12.94 4.835667117266315
 -12.93 4.885330291363232
 -12.92 4.934132662335953
 -12.91 4.982057518894361
 -12.9 5.029088511131027
 -12.89 5.075209656779026
 -12.88 5.120405347321684
 -12.87 5.164660353951814
 -12.86 5.207959833378231
 -12.85 5.250289333476956
 -12.84 5.291634798785246
 -12.83 5.331982575835993
 -12.82 5.371319418330499
 -12.81 5.40963249214761
 -12.8 5.446909380187191
 -12.79 5.483138087046026
 -12.78 5.518307043524335
 -12.77 5.552405110961142
 -12.76 5.585421585396737
 -12.75 5.617346201560632
 -12.74 5.648169136683455
 -12.73 5.677881014131259
 -12.72 5.706472906860855
 -12.71 5.73393634069474
 -12.7 5.760263297414507
 -12.69 5.785446217671275
 -12.68 5.809478003712274
 -12.67 5.832352021922323
 -12.66 5.854062105179318
 -12.65 5.87460255502278
 -12.64 5.893968143634646
 -12.63 5.912154115631508
 -12.62 5.929156189667647
 -12.61 5.944970559848259
 -12.6 5.959593896952254
 -12.59 5.973023349464312
 -12.58 5.985256544415662
 -12.57 5.996291588033392
 -12.56 6.006127066197995
 -12.55 6.014762044709028
 -12.54 6.022196069358795
 -12.53 6.028429165814061
 -12.52 6.033461839305866
 -12.51 6.037295074127611
 -12.5 6.039930332941621
 -12.49 6.041369555894511
 -12.48 6.04161515954174
 -12.47 6.04067003558179
 -12.46 6.038537549400549
 -12.45 6.035221538426456
 -12.44 6.030726310297146
 -12.43 6.025056640838319
 -12.42 6.018217771855704
 -12.41 6.010215408741003
 -12.4 6.001055717892823
 -12.39 5.990745323953639
 -12.38 5.979291306863944
 -12.37 5.966701198734785
 -12.36 5.95298298053993
 -12.35 5.938145078629114
 -12.34 5.92219636106366
 -12.33 5.905146133776076
 -12.32 5.887004136555142
 -12.31 5.867780538858142
 -12.3 5.84748593545191
 -12.29 5.826131341884524
 -12.28 5.803728189789448
 -12.27 5.780288322023991
 -12.26 5.75582398764417
 -12.25 5.730347836717891
 -12.24 5.703872914978634
 -12.23 5.676412658321774
 -12.22 5.64798088714577
 -12.21 5.618591800540553
 -12.2 5.588259970325348
 -12.19 5.557000334938558
 -12.18 5.524828193181925
 -12.17 5.491759197821696
 -12.16 5.457809349049301
 -12.15 5.422994987804181
 -12.14 5.387332788961485
 -12.13 5.350839754387385
 -12.12 5.313533205864844
 -12.11 5.275430777892552
 -12.1 5.236550410360227
 -12.09 5.196910341102878
 -12.08 5.156529098337334
 -12.07 5.115425492983922
 -12.06 5.073618610876468
 -12.05 5.03112780486371
 -12.04 4.987972686805357
 -12.03 4.944173119466026
 -12.02 4.899749208310226
 -12.01 4.854721293201855
 -12 4.809109940011426
 -11.99 4.76293593213447
 -11.98 4.716220261924506
 -11.97 4.668984122044039
 -11.96 4.621248896737116
 -11.95 4.573036153026793
 -11.94 4.524367631841362
 -11.93 4.475265239072539
 -11.92 4.425751036569527
 -11.91 4.375847233072415
 -11.9 4.325576175088601
 -11.89 4.274960337715932
 -11.88 4.224022315416214
 -11.87 4.172784812742898
 -11.86 4.121270635026471
 -11.85 4.069502679021642
 -11.84 4.017503923519678
 -11.83 3.965297419930006
 -11.82 3.912906282834697
 -11.81 3.86035368051967
 -11.8 3.807662825486434
 -11.79 3.754856964948179
 -11.78 3.701959371314079
 -11.77 3.648993332665506
 -11.76 3.595982143228177
 -11.75 3.542949093843908
 -11.74 3.489917462445891
 -11.73 3.436910504541281
 -11.72 3.383951443704949
 -11.71 3.331063462088253
 -11.7 3.278269690946467
 -11.69 3.225593201189039
 -11.68 3.173056993956025
 -11.67 3.120683991224866
 -11.66 3.06849702645107
 -11.65 3.016518835246643
 -11.64 2.9647720461
 -11.63 2.913279171141069
 -11.62 2.862062596955373
 -11.61 2.811144575450595
 -11.6 2.760547214779632
 -11.59 2.710292470323372
 -11.58 2.660402135737175
 -11.57 2.610897834064441
 -11.56 2.561801008920935
 -11.55 2.513132915753367
 -11.54 2.464914613175753
 -11.53 2.417166954387083
 -11.52 2.369910578673619
 -11.51 2.323165902999404
 -11.5 2.276953113688235
 -11.49 2.231292158200504
 -11.48 2.186202737008172
 -11.47 2.141704295571178
 -11.46 2.097816016418519
 -11.45 2.054556811337039
 -11.44 2.011945313671367
 -11.43 1.969999870737719
 -11.42 1.928738536354933
 -11.41 1.888179063495548
 -11.4 1.848338897059958
 -11.39 1.809235166776522
 -11.38 1.77088468023047
 -11.37 1.733303916024473
 -11.36 1.696509017073452
 -11.35 1.660515784036613
 -11.34 1.625339668889001
 -11.33 1.590995768635435
 -11.32 1.557498819169201
 -11.31 1.524863189278007
 -11.3 1.493102874799622
 -11.29 1.462231492929515
 -11.28 1.432262276682834
 -11.27 1.403208069512857
 -11.26 1.375081320088189
 -11.25 1.347894077230715
 -11.24 1.321657985016386
 -11.23 1.296384278040789
 -11.22 1.272083776851406
 -11.21 1.248766883548417
 -11.2 1.226443577555734
 -11.19 1.205123411564124
 -11.18 1.184815507647849
 -11.17 1.165528553556552
 -11.16 1.147270799183777
 -11.15 1.130050053213593
 -11.14 1.113873679946636
 -11.13 1.098748596306867
 -11.12 1.084681269030245
 -11.11 1.0716777120364
 -11.1 1.059743483984467
 -11.09 1.048883686013926
 -11.08 1.039102959671467
 -11.07 1.030405485024652
 -11.06 1.022794978963157
 -11.05 1.01627469368826
 -11.04 1.010847415391195
 -11.03 1.006515463120901
 -11.02 1.003280687841604
 -11.01 1.00114447168064
 -11 1.000107727366792
 -10.99 1.000170897859385
 -10.98 1.001333956168281
 -10.97 1.003596405364847
 -10.96 1.006957278783887
 -10.95 1.011415140416478
 -10.94 1.016968085493513
 -10.93 1.023613741259759
 -10.92 1.031349267938086
 -10.91 1.040171359883509
 -10.9 1.050076246926547
 -10.89 1.061059695905391
 -10.88 1.073117012386245
 -10.87 1.086243042571146
 -10.86 1.100432175392544
 -10.85 1.115678344793704
 -10.84 1.131975032194131
 -10.83 1.149315269138936
 -10.82 1.167691640131128
 -10.81 1.187096285645677
 -10.8 1.207520905324126
 -10.79 1.22895676134854
 -10.78 1.25139468199328
 -10.77 1.274825065353403
 -10.76 1.299237883247939
 -10.75 1.324622685296706
 -10.74 1.350968603168861
 -10.73 1.378264355001563
 -10.72 1.406498249986963
 -10.71 1.435658193125627
 -10.7 1.465731690144612
 -10.69 1.496705852578007
 -10.68 1.528567403008148
 -10.67 1.5613026804652
 -10.66 1.594897645983043
 -10.65 1.629337888309208
 -10.64 1.664608629766522
 -10.63 1.700694732264257
 -10.62 1.737580703456093
 -10.61 1.775250703042793
 -10.6 1.813688549216649
 -10.59 1.852877725245495
 -10.58 1.892801386193357
 -10.57 1.933442365775185
 -10.56 1.974783183342879
 -10.55 2.01680605099976
 -10.54 2.059492880840782
 -10.53 2.102825292315273
 -10.52 2.146784619709668
 -10.51 2.191351919746762
 -10.5 2.236507979298865
 -10.49 2.282233323211439
 -10.48 2.328508222234238
 -10.47 2.375312701056728
 -10.46 2.42262654644449
 -10.45 2.470429315473554
 -10.44 2.518700343858971
 -10.43 2.567418754374724
 -10.42 2.616563465361245
 -10.41 2.6661131993173
 -10.4 2.716046491572738
 -10.39 2.766341699038573
 -10.38 2.816977009031069
 -10.37 2.867930448165917
 -10.36 2.919179891319428
 -10.35 2.9707030706526
 -10.34 3.022477584694919
 -10.33 3.074480907483903
 -10.32 3.126690397756867
 -10.31 3.179083308191203
 -10.3 3.231636794689379
 -10.29 3.284327925705139
 -10.28 3.337133691606755
 -10.27 3.390031014074113
 -10.26 3.442996755525262
 -10.25 3.496007728569176
 -10.24 3.549040705480529
 -10.23 3.602072427692893
 -10.22 3.655079615306471
 -10.21 3.708038976606479
 -10.2 3.760927217588591
 -10.19 3.813721051487187
 -10.18 3.866397208303066
 -10.17 3.918932444326408
 -10.16 3.971303551651347
 -10.15 4.023487367678287
 -10.14 4.075460784600065
 -10.13 4.127200758868366
 -10.12 4.17868432063618
 -10.11 4.229888583173043
 -10.1 4.28079075224867
 -10.09 4.331368135481775
 -10.08 4.381598151649883
 -10.07 4.431458339956628
 -10.06 4.480926369252722
 -10.05 4.529980047206839
 -10.04 4.578597329422931
 -10.03 4.626756328499916
 -10.02 4.674435323030594
 -10.01 4.721612766535641
 -10 4.768267296329546
 -9.99 4.814377742314599
 -9.98 4.859923135699547
 -9.969999999999999 4.904882717639342
 -9.960000000000001 4.949235947792515
 -9.949999999999999 4.992962512792813
 -9.94 5.036042334631444
 -9.93 5.078455578946883
 -9.92 5.120182663218616
 -9.91 5.161204264861672
 -9.899999999999999 5.201501329218636
 -9.890000000000001 5.241055077445872
 -9.879999999999999 5.279847014290944
 -9.870000000000001 5.317858935757794
 -9.859999999999999 5.355072936656976
 -9.85 5.391471418037479
 -9.84 5.427037094497537
 -9.83 5.461753001371166
 -9.82 5.495602501787699
 -9.809999999999999 5.528569293601413
 -9.800000000000001 5.560637416188419
 -9.789999999999999 5.591791257108187
 -9.780000000000001 5.622015558626798
 -9.77 5.651295424099582
 -9.76 5.679616324210219
 -9.75 5.706964103064106
 -9.74 5.733324984133292
 -9.73 5.75868557605069
 -9.719999999999999 5.783032878251169
 -9.710000000000001 5.806354286457267
 -9.699999999999999 5.828637598007336
 -9.69 5.849871017023825
 -9.68 5.870043159419807
 -9.67 5.889143057741533
 -9.66 5.907160165845156
 -9.649999999999999 5.9240843634057
 -9.640000000000001 5.939905960256402
 -9.629999999999999 5.95461570055675
 -9.620000000000001 5.968204766787401
 -9.609999999999999 5.980664783570482
 -9.6 5.991987821313592
 -9.59 6.00216639967613
 -9.58 6.011193490856438
 -9.57 6.019062522698491
 -9.559999999999999 6.025767381616801
 -9.550000000000001 6.031302415338383
 -9.539999999999999 6.035662435460625
 -9.530000000000001 6.038842719824025
 -9.52 6.04083901469881
 -9.51 6.041647536784531
 -9.5 6.041264975021817
 -9.49 6.039688492215516
 -9.48 6.036915726468554
 -9.469999999999999 6.032944792425903
 -9.460000000000001 6.027774282328149
 -9.449999999999999 6.021403266874162
 -9.44 6.013831295892575
 -9.43 6.00505839882166
 -9.42 5.995085084997504
 -9.41 5.98391234375023
 -9.399999999999999 5.971541644308271
 -9.390000000000001 5.957974935510672
 -9.379999999999999 5.943214645327486
 -9.370000000000001 5.927263680188498
 -9.359999999999999 5.910125424120406
 -9.35 5.891803737692904
 -9.34 5.872302956773915
 -9.33 5.851627891094586
 -9.32 5.829783822624472
 -9.309999999999999 5.806776503757598
 -9.300000000000001 5.782612155310088
 -9.289999999999999 5.757297464330053
 -9.280000000000001 5.730839581720757
 -9.27 5.703246119677753
 -9.26 5.674525148941213
 -9.25 5.644685195864334
 -9.24 5.613735239299083
 -9.23 5.581684707300445
 -9.219999999999999 5.548543473650476
 -9.210000000000001 5.514321854203539
 -9.199999999999999 5.479030603054057
 -9.19 5.442680908528518
 -9.18 5.405284389002977
 -9.17 5.366853088548005
 -9.16 5.32739947240261
 -9.149999999999999 5.286936422278979
 -9.140000000000001 5.245477231499914
 -9.129999999999999 5.203035599970737
 -9.120000000000001 5.159625628987939
 -9.109999999999999 5.115261815886212
 -9.1 5.069959048526417
 -9.09 5.023732599626267
 -9.08 4.976598120936251
 -9.07 4.928571637262968
 -9.059999999999999 4.879669540342223
 -9.050000000000001 4.829908582564428
 -9.039999999999999 4.779305870554547
 -9.030000000000001 4.727878858609512
 -9.02 4.675645341995201
 -9.01 4.622623450106196
 -9 4.568831639490483
 -8.99 4.514288686742289
 -8.98 4.459013681265607
 -8.969999999999999 4.403026017911393
 -8.960000000000001 4.346345389491372
 -8.949999999999999 4.288991779171211
 -8.94 4.230985452746491
 -8.93 4.172346950804037
 -8.92 4.113097080772119
 -8.91 4.053256908862467
 -8.899999999999999 3.99284775190735
 -8.890000000000001 3.931891169095023
 -8.879999999999999 3.870408953606578
 -8.870000000000001 3.808423124157995
 -8.859999999999999 3.745955916450107
 -8.85 3.683029774530552
 -8.84 3.619667342070536
 -8.83 3.555891453560317
 -8.82 3.491725125426655
 -8.809999999999999 3.42719154707585
 -8.800000000000001 3.362314071865969
 -8.789999999999999 3.297116208011601
 -8.780000000000001 3.231621609425259
 -8.77 3.165854066498369
 -8.76 3.099837496826263
 -8.75 3.033595935880186
 -8.74 2.967153527630511
 -8.73 2.900534515124634
 -8.719999999999999 2.833763231023373
 -8.710000000000001 2.766864088099685
 -8.699999999999999 2.699861569703239
 -8.69 2.632780220195106
 -8.68 2.565644635355786
 -8.67 2.498479452770867
 -8.66 2.43130934219788
 -8.649999999999999 2.364158995918259
 -8.640000000000001 2.297053119078291
 -8.629999999999999 2.230016420022674
 -8.620000000000001 2.163073600624992
 -8.609999999999999 2.096249346618297
 -8.6 2.029568317930366
 -8.59 1.963055139026819
 -8.58 1.896734389266424
 -8.57 1.83063059327217
 -8.559999999999999 1.764768211322008
 -8.550000000000001 1.699171629763166
 -8.539999999999999 1.633865151453567
 -8.530000000000001 1.568872986234684
 -8.52 1.50421924143892
 -8.51 1.439927912436034
 -8.5 1.376022873221719
 -8.49 1.312527867052538
 -8.48 1.249466497130717
 -8.469999999999999 1.186862217342569
 -8.460000000000001 1.124738323054279
 -8.449999999999999 1.063117941968497
 -8.44 1.002024025045826
 -8.43 0.9414793374942587
 -8.42 0.8815064498305986
 -8.41 0.8221277290172027
 -8.399999999999999 0.7633653296776217
 -8.390000000000001 0.7052411853947026
 -8.379999999999999 0.6477770000943925
 -8.370000000000001 0.5909942395191082
 -8.359999999999999 0.5349141227934731
 -8.35 0.4795576140864284
 -8.34 0.4249454143724409
 -8.33 0.3710979532955326
 -8.32 0.3180353811391305
 -8.309999999999999 0.2657775609050131
 -8.300000000000001 0.2143440605045486
 -8.289999999999999 0.1637541450651433
 -8.280000000000001 0.1140267693553406
 -8.27 0.06518057033107516
 -8.26 0.01723385980660164
 -8.25 -0.02979538274748084
 -8.24 -0.07588951727587834
 -8.23 -0.1210312500772963
 -8.219999999999999 -0.1652036406073653
 -8.210000000000001 -0.2083901081430398
 -8.199999999999999 -0.2505744383059884
 -8.19 -0.2917407894420583
 -8.18 -0.3318736988546596
 -8.17 -0.3709580888892701
 -8.16 -0.4089792728668092
 -8.149999999999999 -0.4459229608634629
 -8.140000000000001 -0.4817752653346284
 -8.129999999999999 -0.5165227065808743
 -8.120000000000001 -0.5501522180534714
 -8.109999999999999 -0.5826511514977413
 -8.1 -0.6140072819317903
 -8.09 -0.6442088124589886
 -8.08 -0.6732443789120293
 -8.07 -0.7011030543268457
 -8.059999999999999 -0.7277743532445696
 -8.050000000000001 -0.7532482358397883
 -8.039999999999999 -0.7775151118735573
 -8.030000000000001 -0.8005658444694045
 -8.02 -0.8223917537110734
 -8.01 -0.8429846200603053
 -8 -0.8623366875935357
 -7.99 -0.8804406670560466
 -7.98 -0.8972897387324457
 -7.97 -0.9128775551322916
 -7.96 -0.9271982434898247
 -7.95 -0.9402464080767731
 -7.94 -0.9520171323273392
 -7.93 -0.9625059807745049
 -7.92 -0.9717090007968981
 -7.91 -0.9796227241755073
 -7.899999999999999 -0.986244168459638
 -7.89 -0.9915708381415579
 -7.88 -0.995600725639372
 -7.87 -0.9983323120877245
 -7.859999999999999 -0.9997645679360229
 -7.85 -0.9998969533539384
 -7.84 -0.9987294184440262
 -7.83 -0.9962624032613792
 -7.82 -0.9924968376403043
 -7.81 -0.9874341408280961
 -7.8 -0.9810762209260505
 -7.79 -0.9734254741379383
 -7.78 -0.9644847838262454
 -7.77 -0.9542575193765472
 -7.76 -0.9427475348704815
 -7.75 -0.9299591675678288
 -7.74 -0.9158972361983285
 -7.73 -0.9005670390638935
 -7.72 -0.8839743519519928
 -7.71 -0.8661254258610148
 -7.7 -0.8470269845385413
 -7.69 -0.8266862218334929
 -7.68 -0.8051107988632199
 -7.67 -0.7823088409966379
 -7.66 -0.7582889346546469
 -7.649999999999999 -0.7330601239290775
 -7.64 -0.7066319070215401
 -7.63 -0.6790142325035542
 -7.62 -0.6502174953994979
 -7.609999999999999 -0.6202525330938986
 -7.6 -0.5891306210647267
 -7.59 -0.5568634684443488
 -7.58 -0.5234632134099626
 -7.57 -0.4889424184053098
 -7.56 -0.4533140651955845
 -7.55 -0.4165915497575196
 -7.54 -0.3787886770066458
 -7.53 -0.3399196553638806
 -7.52 -0.2999990911635644
 -7.51 -0.2590419829052103
 -7.5 -0.2170637153512027
 -7.49 -0.174080053472862
 -7.48 -0.1301071362472387
 -7.47 -0.08516147030714083
 -7.46 -0.0392599234468739
 -7.45 0.007580282013651907
 -7.44 0.05534157600385869
 -7.43 0.104006047613742
 -7.42 0.1535554521387239
 -7.41 0.2039712182552321
 -7.399999999999999 0.2552344553242156
 -7.39 0.3073259608196292
 -7.38 0.3602262278790094
 -7.37 0.4139154529730379
 -7.359999999999999 0.4683735436911116
 -7.35 0.5235801266397651
 -7.34 0.5795145554508732
 -7.33 0.6361559188963557
 -7.32 0.6934830491062134
 -7.31 0.7514745298866051
 -7.3 0.8101087051346393
 -7.29 0.8693636873465778
 -7.28 0.9292173662159948
 -7.27 0.9896474173185237
 -7.26 1.050631310879684
 -7.25 1.11214632062238
 -7.24 1.174169532690444
 -7.23 1.23667785464475
 -7.22 1.299648024528261
 -7.21 1.363056619996484
 -7.2 1.426880067509579
 -7.19 1.491094651582579
 -7.18 1.555676524089932
 -7.17 1.62060171362079
 -7.16 1.685846134881185
 -7.149999999999999 1.75138559813944
 -7.14 1.817195818711011
 -7.13 1.883252426479042
 -7.12 1.949530975446761
 -7.109999999999999 2.016006953317988
 -7.1 2.082655791101879
 -7.09 2.149452872738184
 -7.08 2.21637354473906
 -7.069999999999999 2.283393125843705
 -7.06 2.350486916681902
 -7.05 2.417630209442715
 -7.04 2.484798297544387
 -7.03 2.551966485301657
 -7.02 2.619110097586658
 -7.01 2.686204489479485
 -7 2.753225055904712
 -6.99 2.820147241249888
 -6.98 2.886946548962302
 -6.970000000000001 2.953598551120124
 -6.959999999999999 3.020078897974178
 -6.949999999999999 3.086363327456452
 -6.94 3.152427674651757
 -6.93 3.218247881228533
 -6.92 3.283800004825213
 -6.91 3.349060228388371
 -6.9 3.41400486945894
 -6.890000000000001 3.478610389402796
 -6.879999999999999 3.542853402582083
 -6.869999999999999 3.606710685463539
 -6.859999999999999 3.67015918566039
 -6.85 3.733176030903985
 -6.84 3.795738537941787
 -6.83 3.857824221358099
 -6.82 3.919410802314074
 -6.81 3.98047621720348
 -6.800000000000001 4.040998626220833
 -6.789999999999999 4.100956421838496
 -6.779999999999999 4.160328237189282
 -6.77 4.219092954351455
 -6.76 4.277229712532563
 -6.75 4.334717916149058
 -6.74 4.391537242798434
 -6.73 4.447667651120696
 -6.720000000000001 4.503089388546085
 -6.709999999999999 4.557782998925966
 -6.699999999999999 4.61172933004381
 -6.69 4.664909541003444
 -6.68 4.717305109491418
 -6.67 4.768897838910801
 -6.66 4.819669865383476
 -6.65 4.869603664618207
 -6.640000000000001 4.918682058641748
 -6.629999999999999 4.966888222390307
 -6.619999999999999 5.014205690158772
 -6.609999999999999 5.060618361905203
 -6.6 5.106110509407975
 -6.59 5.150666782273239
 -6.58 5.194272213790303
 -6.57 5.236912226632591
 -6.56 5.278572638401951
 -6.550000000000001 5.319239667014138
 -6.539999999999999 5.358899935923302
 -6.529999999999999 5.397540479183446
 -6.52 5.435148746344908
 -6.51 5.471712607183814
 -6.5 5.507220356262772
 -6.49 5.54166071732092
 -6.48 5.575022847491652
 -6.470000000000001 5.607296341346332
 -6.459999999999999 5.638471234762451
 -6.449999999999999 5.668538008614628
 -6.44 5.697487592287128
 -6.43 5.725311367006404
 -6.42 5.75200116899243
 -6.41 5.777549292427565
 -6.4 5.801948492241812
 -6.390000000000001 5.825191986713369
 -6.379999999999999 5.847273459883459
 -6.369999999999999 5.868187063784521
 -6.359999999999999 5.887927420480897
 -6.35 5.906489623921203
 -6.34 5.923869241601716
 -6.33 5.940062316040088
 -6.32 5.955065366058898
 -6.31 5.968875387878477
 -6.299999999999999 5.981489856018666
 -6.289999999999999 5.992906724009138
 -6.279999999999999 6.003124424908059
 -6.27 6.012141871628863
 -6.26 6.019958457075101
 -6.25 6.026574054083299
 -6.24 6.031989015173874
 -6.23 6.036204172110284
 -6.220000000000001 6.039220835266553
 -6.209999999999999 6.041040792803514
 -6.199999999999999 6.041666309654087
 -6.19 6.041100126318051
 -6.18 6.039345457466811
 -6.17 6.036405990358762
 -6.16 6.032285883065883
 -6.15 6.026989762512347
 -6.140000000000001 6.020522722325909
 -6.129999999999999 6.012890320503015
 -6.119999999999999 6.004098576888539
 -6.109999999999999 5.994153970471241
 -6.1 5.983063436496007
 -6.09 5.970834363394108
 -6.08 5.957474589532675
 -6.07 5.942992399784785
 -6.06 5.927396521921496
 -6.049999999999999 5.910696122827357
 -6.039999999999999 5.892900804540916
 -6.029999999999999 5.87402060012179
 -6.02 5.854065969346102
 -6.01 5.833047794231885
 -6 5.810977374396403
 -5.99 5.787866422247173
 -5.98 5.763727058008728
 -5.970000000000001 5.738571804587061
 -5.959999999999999 5.712413582273886
 -5.949999999999999 5.685265703292856
 -5.94 5.657141866189908
 -5.93 5.628056150070064
 -5.92 5.598023008682977
 -5.91 5.567057264359648
 -5.9 5.535174101802752
 -5.890000000000001 5.50238906173306
 -5.879999999999999 5.468718034394586
 -5.869999999999999 5.434177252921049
 -5.859999999999999 5.398783286566295
 -5.85 5.362553033801488
 -5.84 5.325503715281823
 -5.83 5.287652866685582
 -5.82 5.24901833142846
 -5.81 5.209618253256077
 -5.799999999999999 5.169471068717674
 -5.789999999999999 5.128595499524065
 -5.779999999999999 5.087010544792824
 -5.77 5.044735473183978
 -5.76 5.001789814929277
 -5.75 4.958193353758277
 -5.74 4.91396611872452
 -5.73 4.869128375935073
 -5.720000000000001 4.823700620186776
 -5.709999999999999 4.777703566512565
 -5.699999999999999 4.731158141641306
 -5.69 4.684085475374498
 -5.68 4.636506891883434
 -5.67 4.588443900930239
 -5.66 4.539918189016358
 -5.65 4.490951610462054
 -5.640000000000001 4.441566178420503
 -5.629999999999999 4.391784055830103
 -5.619999999999999 4.341627546308688
 -5.609999999999999 4.291119084993183
 -5.6 4.240281229328573
 -5.59 4.189136649809733
 -5.58 4.13770812067994
 -5.57 4.086018510589771
 -5.56 4.034090773220155
 -5.549999999999999 3.981947937873348
 -5.539999999999999 3.929613100035668
 -5.529999999999999 3.877109411915646
 -5.52 3.824460072961606
 -5.51 3.771688320362298
 -5.5 3.718817419534544
 -5.49 3.66587065460162
 -5.48 3.612871318866287
 -5.470000000000001 3.559842705282241
 -5.459999999999999 3.506808096927851
 -5.449999999999999 3.453790757486038
 -5.44 3.400813921734002
 -5.43 3.347900786046811
 -5.42 3.295074498918511
 -5.41 3.242358151504649
 -5.4 3.189774768189982
 -5.390000000000001 3.137347297185182
 -5.379999999999999 3.08509860115629
 -5.369999999999999 3.033051447890754
 -5.359999999999999 2.981228501003668
 -5.35 2.92965231068812
 -5.34 2.878345304513232
 -5.33 2.827329778273667
 -5.32 2.776627886894229
 -5.31 2.726261635393255
 -5.299999999999999 2.676252869908407
 -5.289999999999999 2.626623268788504
 -5.279999999999999 2.577394333754873
 -5.27 2.52858738113593
 -5.26 2.480223533178386
 -5.25 2.432323709438614
 -5.24 2.384908618257648
 -5.23 2.337998748323213
 -5.220000000000001 2.291614360322197
 -5.209999999999999 2.245775478686908
 -5.199999999999999 2.200501883438463
 -5.19 2.155813102130498
 -5.18 2.11172840189656
 -5.17 2.06826678160429
 -5.16 2.025446964119564
 -5.15 1.983287388683725
 -5.140000000000001 1.941806203406941
 -5.129999999999999 1.901021257880714
 -5.119999999999999 1.860950095912544
 -5.109999999999999 1.821609948385561
 -5.1 1.783017726246132
 -5.09 1.745190013622167
 -5.08 1.708143061074912
 -5.07 1.67189277898694
 -5.06 1.636454731089008
 -5.049999999999999 1.601844128128352
 -5.039999999999999 1.568075821681019
 -5.029999999999999 1.535164298110617
 -5.02 1.50312367267604
 -5.01 1.471967683790439
 -5 1.441709687433781
 -4.99 1.412362651721236
 -4.98 1.383939151629571
 -4.970000000000001 1.356451363883677
 -4.959999999999999 1.329911062005259
 -4.949999999999999 1.304329611525736
 -4.94 1.279717965365167
 -4.93 1.256086659379188
 -4.92 1.233445808075647
 -4.91 1.211805100502711
 -4.9 1.191173796310073
 -4.890000000000001 1.171560721984851
 -4.879999999999999 1.152974267263685
 -4.869999999999999 1.13542238172249
 -4.859999999999999 1.118912571545188
 -4.85 1.103451896472783
 -4.84 1.089046966933948
 -4.83 1.075703941358314
 -4.82 1.063428523673506
 -4.81 1.052225960986964
 -4.799999999999999 1.042101041453459
 -4.789999999999999 1.03305809232917
 -4.779999999999999 1.025100978213091
 -4.77 1.018233099476493
 -4.76 1.012457390881058
 -4.75 1.007776320386243
 -4.74 1.004191888146352
 -4.73 1.001705625697726
 -4.720000000000001 1.000318595336366
 -4.709999999999999 1.000031389686244
 -4.699999999999999 1.000844131458482
 -4.69 1.002756473401483
 -4.68 1.005767598442048
 -4.67 1.009876220017404
 -4.66 1.015080582598032
 -4.65 1.021378462401069
 -4.640000000000001 1.028767168293998
 -4.629999999999999 1.037243542888278
 -4.619999999999999 1.046803963822448
 -4.609999999999999 1.057444345234225
 -4.6 1.069160139420974
 -4.59 1.081946338687892
 -4.58 1.095797477383178
 -4.57 1.110707634119356
 -4.56 1.126670434179854
 -4.549999999999999 1.143679052109902
 -4.539999999999999 1.161726214490664
 -4.529999999999999 1.18080420289554
 -4.52 1.200904857027408
 -4.51 1.222019578035571
 -4.5 1.244139332011066
 -4.49 1.267254653658937
 -4.48 1.291355650145997
 -4.470000000000001 1.316432005122528
 -4.459999999999999 1.342472982916316
 -4.449999999999999 1.369467432897305
 -4.44 1.397403794011181
 -4.43 1.426270099479994
 -4.42 1.456053981667961
 -4.41 1.486742677110515
 -4.4 1.518323031704548
 -4.390000000000001 1.550781506057777
 -4.379999999999999 1.584104180995096
 -4.369999999999999 1.618276763219654
 -4.359999999999999 1.65328459112649
 -4.35 1.689112640766253
 -4.34 1.725745531956719
 -4.33 1.763167534539597
 -4.32 1.801362574780138
 -4.31 1.840314241906949
 -4.299999999999999 1.880005794789421
 -4.289999999999999 1.920420168750024
 -4.279999999999999 1.961539982508852
 -4.27 2.003347545257481
 -4.26 2.045824863859404
 -4.25 2.088953650174112
 -4.24 2.132715328501887
 -4.23 2.177091043146302
 -4.220000000000001 2.222061666091415
 -4.209999999999999 2.267607804790554
 -4.199999999999999 2.313709810063536
 -4.19 2.360347784099257
 -4.18 2.407501588560284
 -4.17 2.455150852786295
 -4.16 2.503274982093058
 -4.15 2.551853166163584
 -4.140000000000001 2.600864387528107
 -4.129999999999999 2.650287430129486
 -4.119999999999999 2.700100887970525
 -4.109999999999999 2.75028317383989
 -4.1 2.800812528112906
 -4.09 2.851667027623881
 -4.08 2.902824594606266
 -4.07 2.954263005697148
 -4.06 3.005959901002392
 -4.049999999999999 3.057892793218827
 -4.039999999999999 3.110039076809759
 -4.029999999999999 3.162376037230241
 -4.02 3.214880860198224
 -4.01 3.267530641007993
 -4 3.320302393882088
 -3.99 3.373173061357965
 -3.98 3.426119523705619
 -3.970000000000001 3.479118608372384
 -3.959999999999999 3.532147099451115
 -3.949999999999999 3.585181747167906
 -3.94 3.63819927738565
 -3.93 3.691176401119443
 -3.92 3.744089824060144
 -3.91 3.796916256102199
 -3.9 3.849632420871921
 -3.890000000000001 3.902215065252373
 -3.879999999999999 3.954640968901052
 -3.869999999999999 4.006886953756474
 -3.859999999999999 4.058929893529978
 -3.85 4.110746723178763
 -3.84 4.162314448356454
 -3.83 4.213610154837366
 -3.82 4.264611017910668
 -3.81 4.315294311740674
 -3.799999999999999 4.365637418689492
 -3.789999999999999 4.415617838598245
 -3.779999999999999 4.465213198023251
 -3.77 4.514401259423243
 -3.76 4.563159930294118
 -3.75 4.611467272247421
 -3.74 4.659301510028976
 -3.73 4.706641040473982
 -3.720000000000001 4.753464441395003
 -3.709999999999999 4.799750480399268
 -3.699999999999999 4.845478123631668
 -3.69 4.890626544440076
 -3.68 4.935175131959314
 -3.67 4.979103499610438
 -3.66 5.022391493511876
 -3.65 5.065019200799014
 -3.640000000000001 5.106966957848903
 -3.629999999999999 5.148215358406762
 -3.619999999999999 5.188745261610959
 -3.609999999999999 5.228537799913347
 -3.6 5.267574386891617
 -3.59 5.305836724950614
 -3.58 5.343306812909475
 -3.57 5.379966953471541
 -3.56 5.41579976057401
 -3.549999999999999 5.450788166614384
 -3.539999999999999 5.484915429550747
 -3.529999999999999 5.518165139873117
 -3.52 5.550521227442906
 -3.51 5.58196796819783
 -3.5 5.612489990719534
 -3.49 5.642072282661262
 -3.48 5.670700197032995
 -3.470000000000001 5.698359458341485
 -3.459999999999999 5.725036168582744
 -3.449999999999999 5.750716813084503
 -3.44 5.775388266196358
 -3.43 5.799037796825217
 -3.42 5.821653073813841
 -3.41 5.843222171160316
 -3.4 5.863733573076305
 -3.390000000000001 5.88317617888206
 -3.379999999999999 5.901539307736173
 -3.369999999999999 5.918812703198172
 -3.359999999999999 5.934986537622115
 -3.35 5.950051416379358
 -3.34 5.963998381908808
 -3.33 5.976818917593007
 -3.32 5.988504951458472
 -3.31 5.999048859698758
 -3.299999999999999 6.008443470018839
 -3.289999999999999 6.016682064799403
 -3.279999999999999 6.023758384079817
 -3.27 6.029666628358471
 -3.26 6.034401461209418
 -3.25 6.03795801171418
 -3.24 6.040331876707761
 -3.23 6.04151912283791
 -3.220000000000001 6.04151628843679
 -3.209999999999999 6.040320385204271
 -3.199999999999999 6.037928899702157
 -3.19 6.034339794658705
 -3.18 6.029551510082876
 -3.17 6.023562964187881
 -3.16 6.016373554123571
 -3.15 6.007983156517395
 -3.140000000000001 5.998392127823638
 -3.129999999999999 5.987601304480815
 -3.119999999999999 5.975612002877074
 -3.109999999999999 5.962426019123645
 -3.1 5.948045628636361
 -3.09 5.932473585525393
 -3.08 5.915713121793439
 -3.07 5.8977679463426
 -3.06 5.878642243790408
 -3.049999999999999 5.858340673095314
 -3.039999999999999 5.836868365992309
 -3.029999999999999 5.814230925239126
 -3.02 5.790434422673817
 -3.01 5.765485397084369
 -3 5.739390851891231
 -2.99 5.712158252643619
 -2.98 5.683795524330584
 -2.969999999999999 5.654311048507884
 -2.959999999999999 5.623713660241812
 -2.949999999999999 5.592012644871078
 -2.94 5.559217734588145
 -2.93 5.525339104841249
 -2.92 5.490387370558559
 -2.91 5.454373582195959
 -2.9 5.417309221609976
 -2.890000000000001 5.37920619775752
 -2.879999999999999 5.34007684222407
 -2.869999999999999 5.299933904582145
 -2.859999999999999 5.258790547581762
 -2.85 5.216660342174934
 -2.84 5.173557262376034
 -2.83 5.129495679960134
 -2.82 5.084490359001366
 -2.81 5.038556450253484
 -2.799999999999999 4.99170948537484
 -2.789999999999999 4.943965371000072
 -2.779999999999999 4.895340382660777
 -2.77 4.845851158557687
 -2.76 4.795514693186719
 -2.75 4.744348330821448
 -2.74 4.692369758854596
 -2.73 4.639597001001154
 -2.719999999999999 4.586048410365825
 -2.709999999999999 4.531742662377591
 -2.699999999999999 4.476698747594069
 -2.69 4.420935964378667
 -2.68 4.364473911453338
 -2.67 4.307332480329913
 -2.66 4.249531847623016
 -2.65 4.191092467247603
 -2.640000000000001 4.132035062504224
 -2.629999999999999 4.072380618055133
 -2.619999999999999 4.012150371794499
 -2.609999999999999 3.951365806615765
 -2.6 3.890048642079665
 -2.59 3.82822082598602
 -2.58 3.765904525852735
 -2.57 3.703122120305359
 -2.56 3.639896190380643
 -2.549999999999999 3.576249510747518
 -2.539999999999999 3.51220504084906
 -2.529999999999999 3.447785915968793
 -2.52 3.383015438225081
 -2.51 3.317917067497058
 -2.5 3.252514412285722
 -2.49 3.186831220513853
 -2.48 3.120891370268376
 -2.469999999999999 3.054718860488873
 -2.459999999999999 2.988337801605977
 -2.449999999999999 2.921772406133218
 -2.44 2.855046979216291
 -2.43 2.788185909143321
 -2.42 2.721213657819968
 -2.41 2.65415475121315
 -2.4 2.587033769767191
 -2.390000000000001 2.519875338796189
 -2.379999999999999 2.452704118856421
 -2.369999999999999 2.385544796102691
 -2.359999999999999 2.318422072632265
 -2.35 2.251360656820481
 -2.34 2.184385253651699
 -2.33 2.117520555049502
 -2.32 2.050791230209987
 -2.31 1.984221915941997
 -2.299999999999999 1.917837207018109
 -2.289999999999999 1.851661646540312
 -2.279999999999999 1.785719716324008
 -2.27 1.720035827304408
 -2.26 1.654634309968968
 -2.25 1.589539404819739
 -2.24 1.524775252869404
 -2.23 1.460365886174806
 -2.219999999999999 1.396335218411707
 -2.209999999999999 1.332707035494602
 -2.199999999999999 1.269504986245146
 -2.19 1.20675257311315
 -2.18 1.144473142953654
 -2.17 1.082689877863817
 -2.16 1.021425786083276
 -2.15 0.960703692961578
 -2.140000000000001 0.9005462319962901
 -2.129999999999999 0.8409758359453416
 -2.119999999999999 0.7820147280172041
 -2.109999999999999 0.7236849131422588
 -2.1 0.6660081693290253
 -2.09 0.6090060391085553
 -2.08 0.5526998210704444
 -2.07 0.4971105614938287
 -2.06 0.4422590460766981
 -2.049999999999999 0.3881657917668123
 -2.039999999999999 0.3348510386975215
 -2.029999999999999 0.2823347422315723
 -2.02 0.2306365651162459
 -2.01 0.1797758697528203
 -2 0.1297717105834826
 -1.99 0.08064282659872213
 -1.98 0.03240763396818358
 -1.969999999999999 -0.0149157812020918
 -1.959999999999999 -0.06130966998310283
 -1.949999999999999 -0.1067566276042928
 -1.94 -0.1512396002999778
 -1.93 -0.194741892018193
 -1.92 -0.237247170989237
 -1.91 -0.2787394761513072
 -1.9 -0.3192032234306632
 -1.890000000000001 -0.3586232118738206
 -1.879999999999999 -0.3969846296293362
 -1.869999999999999 -0.4342730597767638
 -1.859999999999999 -0.4704744860005566
 -1.85 -0.5055752981065257
 -1.84 -0.5395622973787537
 -1.83 -0.572422701774792
 -1.82 -0.6041441509570775
 -1.81 -0.6347147111585643
 -1.799999999999999 -0.6641228798806393
 -1.789999999999999 -0.6923575904214154
 -1.779999999999999 -0.7194082162326804
 -1.77 -0.7452645751036566
 -1.76 -0.7699169331699887
 -1.75 -0.7933560087463259
 -1.74 -0.8155729759809804
 -1.73 -0.836559468331204
 -1.719999999999999 -0.8563075818577028
 -1.709999999999999 -0.8748098783370561
 -1.699999999999999 -0.8920593881908527
 -1.69 -0.9080496132303055
 -1.68 -0.9227745292153059
 -1.67 -0.9362285882268767
 -1.66 -0.9484067208520801
 -1.65 -0.9593043381805131
 -1.640000000000001 -0.9689173336115925
 -1.629999999999999 -0.9772420844719112
 -1.619999999999999 -0.9842754534420155
 -1.609999999999999 -0.9900147897920515
 -1.6 -0.9944579304257646
 -1.59 -0.9976032007324536
 -1.58 -0.9994494152465351
 -1.57 -0.9999958781144532
 -1.56 -0.9992423833687515
 -1.549999999999999 -0.9971892150091951
 -1.539999999999999 -0.9938371468909156
 -1.529999999999999 -0.9891874424196154
 -1.52 -0.9832418540539611
 -1.51 -0.9760026226153593
 -1.5 -0.9674724764053908
 -1.49 -0.9576546301312564
 -1.48 -0.9465527836396599
 -1.469999999999999 -0.9341711204596322
 -1.459999999999999 -0.9205143061548916
 -1.449999999999999 -0.9055874864863589
 -1.44 -0.88939628538561
 -1.43 -0.8719468027400341
 -1.42 -0.8532456119905988
 -1.41 -0.833299757543172
 -1.4 -0.8121167519944354
 -1.390000000000001 -0.7897045731734942
 -1.379999999999999 -0.7660716610003553
 -1.369999999999999 -0.741226914162554
 -1.359999999999999 -0.7151796866111886
 -1.35 -0.6879397838778416
 -1.34 -0.6595174592137951
 -1.33 -0.6299234095531008
 -1.32 -0.5991687713011103
 -1.31 -0.5672651159501428
 -1.299999999999999 -0.534224445524031
 -1.289999999999999 -0.5000591878533963
 -1.279999999999999 -0.4647821916834456
 -1.27 -0.4284067216163575
 -1.26 -0.390946452890185
 -1.25 -0.3524154659963873
 -1.24 -0.3128282411381332
 -1.23 -0.2721996525315786
 -1.219999999999999 -0.230544962552385
 -1.209999999999999 -0.1878798157298549
 -1.199999999999999 -0.1442202325909597
 -1.19 -0.09958260335687052
 -1.18 -0.05398368149438082
 -1.17 -0.007440577124841807
 -1.16 0.04002924970677468
 -1.15 0.08840799590000459
 -1.140000000000001 0.1376775223014768
 -1.129999999999999 0.1878193608391716
 -1.119999999999999 0.2388147217854601
 -1.109999999999999 0.2906445011461666
 -1.1 0.3432892881725293
 -1.09 0.3967293729932035
 -1.08 0.4509447543632142
 -1.07 0.5059151475267827
 -1.06 0.5616199921908894
 -1.049999999999999 0.6180384606064172
 -1.039999999999999 0.675149465753589
 -1.029999999999999 0.7329316696285938
 -1.02 0.7913634916279042
 -1.01 0.8504231170270851
 -1 0.9100885055506767
 -0.9900000000000002 0.9703374000297302
 -0.9800000000000004 1.031147335143564
 -0.9699999999999989 1.092495646242256
 -0.9599999999999991 1.154359478246313
 -0.9499999999999993 1.216715794620121
 -0.9399999999999995 1.27954138641539
 -0.9299999999999997 1.342812881381162
 -0.9199999999999999 1.406506753136693
 -0.9100000000000001 1.470599330403547
 -0.9000000000000004 1.535066806293253
 -0.8900000000000006 1.599885247646821
 -0.879999999999999 1.665030604422397
 -0.8699999999999992 1.730478719127269
 -0.8599999999999994 1.796205336290636
 -0.8499999999999996 1.862186111973136
 -0.8399999999999999 1.928396623309528
 -0.8300000000000001 1.994812378080661
 -0.8200000000000003 2.061408824310917
 -0.8100000000000005 2.128161359887343
 -0.7999999999999989 2.195045342196618
 -0.7899999999999991 2.262036097775973
 -0.7799999999999994 2.329108931974396
 -0.7699999999999996 2.396239138620044
 -0.7599999999999998 2.463402009690188
 -0.75 2.530572844979774
 -0.7400000000000002 2.597726961764783
 -0.7300000000000004 2.664839704456508
 -0.7199999999999989 2.731886454242971
 -0.7099999999999991 2.798842638713527
 -0.6999999999999993 2.865683741463036
 -0.6899999999999995 2.932385311671538
 -0.6799999999999997 2.998922973655792
 -0.6699999999999999 3.065272436388819
 -0.6600000000000001 3.131409502983684
 -0.6500000000000004 3.19731008013772
 -0.6400000000000006 3.26295018753347
 -0.629999999999999 3.328305967192605
 -0.6199999999999992 3.393353692779028
 -0.6099999999999994 3.458069778847664
 -0.5999999999999996 3.522430790034987
 -0.5899999999999999 3.586413450187862
 -0.5800000000000001 3.649994651426946
 -0.5700000000000003 3.713151463141104
 -0.5600000000000005 3.77586114090925
 -0.5499999999999989 3.83810113534608
 -0.5399999999999991 3.899849100868112
 -0.5299999999999994 3.96108290437674
 -0.5199999999999996 4.021780633854601
 -0.5099999999999998 4.081920606872043
 -0.5 4.141481379000216
 -0.4900000000000002 4.200441752127492
 -0.4800000000000004 4.258780782675884
 -0.4699999999999989 4.316477789714233
 -0.4599999999999991 4.373512362964874
 -0.4499999999999993 4.429864370700766
 -0.4399999999999995 4.485513967529744
 -0.4299999999999997 4.540441602062946
 -0.4199999999999999 4.594628024464355
 -0.4100000000000001 4.648054293878417
 -0.4000000000000004 4.700701785732845
 -0.3900000000000006 4.752552198913668
 -0.379999999999999 4.803587562809737
 -0.3699999999999992 4.853790244223806
 -0.3599999999999994 4.903142954147597
 -0.3499999999999996 4.951628754398016
 -0.3399999999999999 4.999231064111971
 -0.3300000000000001 5.045933666097226
 -0.3200000000000003 5.091720713036758
 -0.3100000000000005 5.136576733544157
 -0.2999999999999989 5.180486638067699
 -0.2899999999999991 5.22343572464073
 -0.2799999999999994 5.265409684476137
 -0.2699999999999996 5.306394607402643
 -0.2599999999999998 5.346376987140795
 -0.25 5.385343726416594
 -0.2400000000000002 5.423282141910717
 -0.2300000000000004 5.460179969041387
 -0.2199999999999989 5.496025366579025
 -0.2099999999999991 5.530806921090828
 -0.1999999999999993 5.564513651213596
 -0.1899999999999995 5.597135011753032
 -0.1799999999999997 5.628660897607981
 -0.1699999999999999 5.659081647518044
 -0.1600000000000001 5.688388047633076
 -0.1500000000000004 5.716571334903218
 -0.1400000000000006 5.743623200288075
 -0.129999999999999 5.769535791783848
 -0.1199999999999992 5.794301717267172
 -0.1099999999999994 5.817914047154643
 -0.09999999999999964 5.840366316876898
 -0.08999999999999986 5.861652529166354
 -0.08000000000000007 5.881767156157708
 -0.07000000000000028 5.900705141300379
 -0.0600000000000005 5.918461901082154
 -0.04999999999999893 5.935033326563401
 -0.03999999999999915 5.950415784721226
 -0.02999999999999936 5.964606119603117
 -0.01999999999999957 5.977601653289601
 -0.009999999999999787 5.989400186665566
 0 6
 0.009999999999999787 6.0093998533339
 0.01999999999999957 6.017598986676266
 0.03000000000000114 6.024597120008108
 0.04000000000000092 6.030394453094493
 0.05000000000000071 6.034991665104755
 0.0600000000000005 6.038389914041044
 0.07000000000000028 6.040590835975444
 0.08000000000000007 6.041596544096053
 0.08999999999999986 6.041409627562376
 0.09999999999999964 6.040033150170553
 0.1099999999999994 6.037470648828991
 0.120000000000001 6.033726131845008
 0.1300000000000008 6.028804077023234
 0.1400000000000006 6.022709429576549
 0.1500000000000004 6.015447599850416
 0.1600000000000001 6.007024460861569
 0.1699999999999999 5.997446345652036
 0.1799999999999997 5.986720044459629
 0.1899999999999995 5.974852801706032
 0.2000000000000011 5.961852312803715
 0.2100000000000009 5.947726720783023
 0.2200000000000006 5.932484612740758
 0.2300000000000004 5.916135016111764
 0.2400000000000002 5.898687394764987
 0.25 5.880151644925641
 0.2599999999999998 5.860538090925106
 0.2699999999999996 5.839857480780305
 0.2800000000000011 5.81812098160436
 0.2900000000000009 5.795340174850395
 0.3000000000000007 5.771527051390372
 0.3100000000000005 5.746694006431044
 0.3200000000000003 5.720853834268994
 0.3300000000000001 5.694019722886963
 0.3399999999999999 5.666205248393599
 0.3499999999999996 5.637424369308917
 0.3599999999999994 5.607691420697776
 0.370000000000001 5.577021108153723
 0.3800000000000008 5.545428501635696
 0.3900000000000006 5.512929029159992
 0.4000000000000004 5.479538470350146
 0.4100000000000001 5.445272949847263
 0.4199999999999999 5.410148930583495
 0.4299999999999997 5.374183206921367
 0.4399999999999995 5.337392897661744
 0.4500000000000011 5.299795438923219
 0.4600000000000009 5.261408576895905
 0.4700000000000006 5.22225036047236
 0.4800000000000004 5.182339133758851
 0.4900000000000002 5.141693528469808
 0.5 5.100332456208622
 0.5099999999999998 5.058275100637857
 0.5199999999999996 5.015540909542074
 0.5300000000000011 4.972149586786425
 0.5400000000000009 4.92812108417433
 0.5500000000000007 4.883475593207388
 0.5600000000000005 4.838233536751018
 0.5700000000000003 4.792415560609043
 0.5800000000000001 4.746042525010694
 0.5899999999999999 4.69913549601343
 0.5999999999999996 4.651715736825057
 0.6100000000000012 4.603804699048617
 0.620000000000001 4.555424013853629
 0.6300000000000008 4.506595483077134
 0.6400000000000006 4.457341070258256
 0.6500000000000004 4.407682891609801
 0.6600000000000001 4.357643206930552
 0.6699999999999999 4.307244410461938
 0.6799999999999997 4.256509021692728
 0.6899999999999995 4.205459676115473
 0.7000000000000011 4.154119115938408
 0.7100000000000009 4.10251018075659
 0.7200000000000006 4.050655798185906
 0.7300000000000004 3.998578974463904
 0.7400000000000002 3.946302785021073
 0.75 3.893850365026443
 0.7599999999999998 3.84124489991129
 0.7699999999999996 3.788509615874757
 0.7800000000000011 3.735667770375206
 0.7900000000000009 3.682742642611179
 0.8000000000000007 3.629757523995653
 0.8100000000000005 3.576735708627629
 0.8200000000000003 3.523700483764708
 0.8300000000000001 3.470675120300586
 0.8399999999999999 3.417682863251247
 0.8499999999999996 3.364746922253721
 0.8600000000000012 3.31189046208118
 0.870000000000001 3.259136593178269
 0.8800000000000008 3.206508362220325
 0.8900000000000006 3.15402874270047
 0.9000000000000004 3.101720625548221
 0.9100000000000001 3.049606809783448
 0.9199999999999999 2.997709993209425
 0.9299999999999997 2.946052763148717
 0.9399999999999995 2.894657587225618
 0.9500000000000011 2.843546804198859
 0.9600000000000009 2.7927426148483
 0.9700000000000006 2.742267072919145
 0.9800000000000004 2.692142076127505
 0.9900000000000002 2.642389357230772
 1 2.593030475166469
 1.010000000000002 2.544086806263106
 1.02 2.495579535526629
 1.030000000000001 2.447529648005792
 1.039999999999999 2.399957920240265
 1.050000000000001 2.352884911794441
 1.059999999999999 2.306330956880871
 1.07 2.260316156076146
 1.080000000000002 2.214860368133102
 1.09 2.169983201892178
 1.100000000000001 2.125704008295392
 1.109999999999999 2.082041872506261
 1.120000000000001 2.039015606138462
 1.129999999999999 1.996643739596823
 1.140000000000001 1.954944514533244
 1.149999999999999 1.913935876421054
 1.16 1.873635467250309
 1.170000000000002 1.834060618347423
 1.18 1.79522834332166
 1.190000000000001 1.757155331141456
 1.199999999999999 1.719857939343493
 1.210000000000001 1.68335218737691
 1.219999999999999 1.647653750085749
 1.23 1.612777951331817
 1.240000000000002 1.578739757760939
 1.25 1.545553772714785
 1.260000000000002 1.513234230290841
 1.27 1.481794989553027
 1.280000000000001 1.451249528894999
 1.289999999999999 1.421610940558748
 1.300000000000001 1.392891925310349
 1.309999999999999 1.36510478727533
 1.32 1.33826142893542
 1.330000000000002 1.312373346288984
 1.34 1.287451624176844
 1.350000000000001 1.263506931775472
 1.359999999999999 1.240549518259443
 1.370000000000001 1.21858920863467
 1.379999999999999 1.197635399744364
 1.390000000000001 1.177697056449059
 1.399999999999999 1.158782707982488
 1.41 1.140900444484529
 1.420000000000002 1.124057913712838
 1.43 1.108262317934321
 1.440000000000001 1.09352041099776
 1.449999999999999 1.079838495588818
 1.460000000000001 1.067222420668396
 1.469999999999999 1.055677579095529
 1.48 1.04520890543562
 1.490000000000002 1.035820873955029
 1.5 1.027517496802718
 1.510000000000002 1.020302322379736
 1.52 1.014178433897205
 1.530000000000001 1.009148448123336
 1.539999999999999 1.005214514320043
 1.550000000000001 1.002378313369518
 1.559999999999999 1.000641057091181
 1.57 1.000003487749216
 1.580000000000002 1.000465877750945
 1.59 1.002028029536128
 1.600000000000001 1.004689275657246
 1.609999999999999 1.00844847905073
 1.620000000000001 1.013304033499034
 1.629999999999999 1.019253864283354
 1.640000000000001 1.026295429026755
 1.649999999999999 1.034425718727323
 1.66 1.043641258980993
 1.670000000000002 1.053938111393486
 1.68 1.065311875180846
 1.690000000000001 1.077757688957934
 1.699999999999999 1.091270232714085
 1.710000000000001 1.105843729975263
 1.719999999999999 1.1214719501517
 1.73 1.138148211070229
 1.740000000000002 1.15586538169013
 1.75 1.174615885001548
 1.760000000000002 1.194391701105252
 1.77 1.215184370472435
 1.780000000000001 1.236984997383413
 1.789999999999999 1.259784253543633
 1.800000000000001 1.283572381875756
 1.809999999999999 1.308339200486062
 1.82 1.334074106803835
 1.830000000000002 1.360766081891808
 1.84 1.388403694926143
 1.850000000000001 1.41697510784408
 1.859999999999999 1.446468080157272
 1.870000000000001 1.47686997392913
 1.879999999999999 1.508167758913855
 1.890000000000001 1.54034801785544
 1.899999999999999 1.57339695194416
 1.91 1.607300386428714
 1.920000000000002 1.642043776381419
 1.93 1.677612212614419
 1.940000000000001 1.71399042774443
 1.949999999999999 1.751162802403446
 1.960000000000001 1.789113371593241
 1.969999999999999 1.8278258311807
 1.98 1.867283544531803
 1.990000000000002 1.90746954928118
 2 1.948366564234846
 2.010000000000002 1.98995699640323
 2.02 2.032222948161501
 2.030000000000001 2.0751462245347
 2.039999999999999 2.118708340604281
 2.050000000000001 2.162890529033572
 2.059999999999999 2.207673747708638
 2.07 2.253038687491984
 2.080000000000002 2.298965780085485
 2.09 2.345435205999781
 2.100000000000001 2.392426902626782
 2.109999999999999 2.439920572411877
 2.120000000000001 2.487895691122966
 2.129999999999999 2.536331516212482
 2.140000000000001 2.585207095269581
 2.150000000000002 2.634501274558582
 2.16 2.684192707640642
 2.170000000000002 2.734259864075042
 2.18 2.784681038196402
 2.190000000000001 2.835434357964752
 2.199999999999999 2.886497793884327
 2.210000000000001 2.937849167988107
 2.219999999999999 2.989466162883882
 2.23 3.041326330858815
 2.240000000000002 3.093407103038253
 2.25 3.145685798595582
 2.260000000000002 3.19813963400923
 2.27 3.250745732362915
 2.280000000000001 3.303481132685862
 2.289999999999999 3.356322799328654
 2.300000000000001 3.40924763137156
 2.309999999999999 3.462232472060928
 2.32 3.51525411827049
 2.330000000000002 3.568289329983151
 2.34 3.621314839789952
 2.350000000000001 3.67430736240218
 2.359999999999999 3.727243604172617
 2.370000000000001 3.780100272622577
 2.379999999999999 3.832854085970296
 2.390000000000001 3.885481782657468
 2.400000000000002 3.937960130869501
 2.41 3.990265938046131
 2.420000000000002 4.042376060378378
 2.43 4.094267412287852
 2.440000000000001 4.145916975885042
 2.449999999999999 4.197301810402226
 2.460000000000001 4.248399061597771
 2.469999999999999 4.299185971127485
 2.48 4.349639885879799
 2.490000000000002 4.399738267270491
 2.5 4.449458700493635
 2.510000000000002 4.498778903724892
 2.52 4.547676737273245
 2.530000000000001 4.596130212677946
 2.539999999999999 4.644117501746467
 2.550000000000001 4.691616945530362
 2.559999999999999 4.738607063234888
 2.57 4.785066561059336
 2.580000000000002 4.830974340963985
 2.59 4.876309509360572
 2.600000000000001 4.921051385722601
 2.609999999999999 4.965179511111873
 2.620000000000001 5.008673656618186
 2.629999999999999 5.051513831708334
 2.640000000000001 5.093680292481519
 2.650000000000002 5.135153549827374
 2.66 5.175914377483706
 2.670000000000002 5.215943819990532
 2.68 5.255223200537081
 2.690000000000001 5.293734128698928
 2.699999999999999 5.331458508061731
 2.710000000000001 5.368378543728918
 2.719999999999999 5.404476749709861
 2.73 5.439735956185992
 2.740000000000002 5.474139316651507
 2.75 5.507670314926112
 2.760000000000002 5.540312772036836
 2.77 5.572050852966025
 2.780000000000001 5.602869073263069
 2.789999999999999 5.632752305516853
 2.800000000000001 5.661685785686657
 2.809999999999999 5.689655119288599
 2.82 5.716646287435474
 2.830000000000002 5.742645652727184
 2.84 5.7676399649897
 2.850000000000001 5.791616366860026
 2.859999999999999 5.814562399214936
 2.870000000000001 5.836466006441385
 2.879999999999999 5.857315541546294
 2.890000000000001 5.877099771103825
 2.900000000000002 5.895807880037943
 2.91 5.913429476238488
 2.920000000000002 5.929954595008797
 2.93 5.945373703343048
 2.940000000000001 5.95967770403169
 2.949999999999999 5.972857939593133
 2.960000000000001 5.98490619603028
 2.969999999999999 5.995814706410178
 2.98 6.005576154265494
 2.990000000000002 6.014183676816308
 3 6.021630868010965
 3.010000000000002 6.027911781384738
 3.02 6.033020932735077
 3.030000000000001 6.036953302612428
 3.039999999999999 6.039704338625516
 3.050000000000001 6.041269957560191
 3.059999999999999 6.041646547310945
 3.07 6.040830968624287
 3.080000000000002 6.038820556653263
 3.09 6.035613122322463
 3.100000000000001 6.031206953502942
 3.109999999999999 6.025600815996554
 3.120000000000001 6.018793954329267
 3.129999999999999 6.010786092353134
 3.140000000000001 6.001577433656611
 3.150000000000002 5.991168661783095
 3.16 5.979560940257463
 3.170000000000002 5.966755912420671
 3.18 5.952755701072406
 3.190000000000001 5.937562907921874
 3.199999999999999 5.921180612846999
 3.210000000000001 5.903612372962172
 3.219999999999999 5.884862221495061
 3.23 5.864934666472694
 3.240000000000002 5.843834689217538
 3.25 5.821567742653963
 3.260000000000002 5.798139749425778
 3.27 5.773557099825712
 3.280000000000001 5.747826649537359
 3.289999999999999 5.720955717190767
 3.300000000000001 5.692952081732338
 3.309999999999999 5.663823979610325
 3.32 5.633580101776751
 3.330000000000002 5.602229590507196
 3.34 5.569782036039467
 3.350000000000001 5.536247473032553
 3.359999999999999 5.501636376847357
 3.370000000000001 5.465959659650401
 3.379999999999999 5.429228666342381
 3.390000000000001 5.391455170312785
 3.400000000000002 5.352651369022635
 3.41 5.312829879416769
 3.420000000000002 5.272003733167586
 3.43 5.230186371752292
 3.440000000000001 5.187391641365216
 3.449999999999999 5.143633787667645
 3.460000000000001 5.098927450376797
 3.469999999999999 5.053287657696535
 3.48 5.006729820591526
 3.490000000000002 4.959269726907613
 3.5 4.910923535340294
 3.510000000000002 4.861707769253885
 3.52 4.811639310353953
 3.530000000000001 4.760735392215114
 3.539999999999999 4.709013593667287
 3.550000000000001 4.656491832042455
 3.559999999999999 4.603188356285185
 3.57 4.549121739929049
 3.580000000000002 4.494310873942299
 3.59 4.438774959445179
 3.600000000000001 4.382533500301904
 3.609999999999999 4.325606295590502
 3.620000000000001 4.268013431952954
 3.629999999999999 4.20977527582931
 3.640000000000001 4.150912465578217
 3.650000000000002 4.091445903487604
 3.66 4.031396747678185
 3.670000000000002 3.970786403903204
 3.68 3.909636517247867
 3.690000000000001 3.847968963731252
 3.699999999999999 3.785805841814684
 3.710000000000001 3.723169463819224
 3.719999999999999 3.660082347256439
 3.73 3.596567206075133
 3.740000000000002 3.532646941828224
 3.75 3.468344634762734
 3.760000000000002 3.403683534836621
 3.77 3.338687052666279
 3.780000000000001 3.273378750407713
 3.789999999999999 3.207782332575726
 3.800000000000001 3.141921636804043
 3.809999999999999 3.075820624550758
 3.82 3.009503371752081
 3.830000000000002 2.942994059428803
 3.84 2.876316964248636
 3.850000000000001 2.809496449048418
 3.859999999999999 2.742556953320169
 3.870000000000001 2.675522983664226
 3.879999999999999 2.60841910421393
 3.890000000000001 2.541269927034985
 3.900000000000002 2.474100102503961
 3.91 2.406934309669254
 3.920000000000002 2.339797246598521
 3.93 2.272713620716672
 3.940000000000001 2.205708139137698
 3.949999999999999 2.138805498994882
 3.960000000000001 2.072030377772506
 3.969999999999999 2.005407423643629
 3.98 1.93896124581707
 3.990000000000002 1.872716404898116
 4 1.806697403266232
 4.010000000000002 1.740928675473835
 4.02 1.675434578670176
 4.030000000000001 1.610239383053567
 4.039999999999999 1.545367262356454
 4.050000000000001 1.480842284366426
 4.059999999999999 1.416688401487608
 4.07 1.352929441345513
 4.080000000000002 1.289589097439773
 4.09 1.226690919847912
 4.100000000000001 1.164258305984075
 4.109999999999999 1.102314491416639
 4.120000000000001 1.040882540747774
 4.129999999999999 0.9799853385593
 4.140000000000001 0.9196455804277173
 4.150000000000002 0.8598857640126809
 4.16 0.8007281802219093
 4.170000000000002 0.7421949044562822
 4.18 0.6843077879388031
 4.190000000000001 0.6270884491303603
 4.199999999999999 0.5705582652363603
 4.210000000000001 0.5147383638069417
 4.219999999999999 0.4596496144347731
 4.23 0.4053126205530969
 4.240000000000002 0.3517477113379008
 4.25 0.2989749337169454
 4.260000000000002 0.2470140444890392
 4.27 0.1958845025568704
 4.280000000000001 0.1456054612760336
 4.289999999999999 0.09619576092386417
 4.300000000000001 0.04767392129050341
 4.309999999999999 5.813439570945267e-05
 4.32 -0.04663374266623777
 4.330000000000002 -0.0923841947501618
 4.34 -0.1371760555497666
 4.350000000000001 -0.180992514350653
 4.359999999999999 -0.2238171226437253
 4.370000000000001 -0.2656338005967546
 4.379999999999999 -0.3064268433810307
 4.390000000000001 -0.3461809273510745
 4.400000000000002 -0.3848811160744908
 4.41 -0.4225128662099178
 4.420000000000002 -0.4590620332305884
 4.43 -0.4945148769910931
 4.440000000000001 -0.5288580671354572
 4.449999999999999 -0.5620786883439726
 4.460000000000001 -0.5941642454171034
 4.469999999999999 -0.6251026681940438
 4.48 -0.6548823163043509
 4.490000000000002 -0.6834919837504009
 4.5 -0.7109209033191279
 4.510000000000002 -0.7371587508211669
 4.52 -0.7621956491556225
 4.530000000000001 -0.7860221721990857
 4.539999999999999 -0.8086293485170548
 4.550000000000001 -0.8300086648965741
 4.559999999999999 -0.8501520696984042
 4.57 -0.8690519760276522
 4.580000000000002 -0.8867012647213585
 4.59 -0.9030932871520347
 4.600000000000001 -0.9182218678459577
 4.609999999999999 -0.9320813069151255
 4.620000000000001 -0.9446663823020447
 4.629999999999999 -0.9559723518362926
 4.640000000000001 -0.9659949551021885
 4.650000000000002 -0.9747304151166913
 4.66 -0.9821754398169655
 4.670000000000002 -0.9883272233569668
 4.68 -0.9931834472125202
 4.690000000000001 -0.9967422810945052
 4.699999999999999 -0.9990023836697202
 4.710000000000001 -0.9999629030891922
 4.719999999999999 -0.9996234773236832
 4.73 -0.9979842343062824
 4.740000000000002 -0.9950457918820182
 4.75 -0.9908092575645134
 4.760000000000002 -0.9852762280997692
 4.77 -0.9784487888372821
 4.780000000000001 -0.9703295129086941
 4.789999999999999 -0.9609214602143692
 4.800000000000001 -0.9502281762182205
 4.809999999999999 -0.9382536905513631
 4.82 -0.9250025154250368
 4.830000000000002 -0.9104796438535538
 4.84 -0.8946905476878767
 4.850000000000001 -0.8776411754606407
 4.859999999999999 -0.8593379500435516
 4.870000000000001 -0.8397877661179372
 4.879999999999999 -0.818997987459656
 4.890000000000001 -0.796976444039232
 4.900000000000002 -0.773731428938588
 4.91 -0.749271695085427
 4.920000000000002 -0.7236064518066254
 4.93 -0.6967453612021115
 4.940000000000001 -0.6686985343404461
 4.949999999999999 -0.6394765272779062
 4.960000000000001 -0.6090903369023534
 4.969999999999999 -0.5775513966038606
 4.98 -0.5448715717734894
 4.990000000000002 -0.5110631551323448
 5 -0.4761388618924957
 5.010000000000002 -0.4401118247517907
 5.02 -0.4029955887246955
 5.030000000000001 -0.3648041058108986
 5.039999999999999 -0.3255517295041994
 5.050000000000001 -0.2852532091434541
 5.059999999999999 -0.2439236841082558
 5.07 -0.2015786778612173
 5.080000000000002 -0.1582340918396752
 5.09 -0.1139061991988828
 5.100000000000001 -0.06861163840932494
 5.109999999999999 -0.02236740671087278
 5.120000000000001 0.02480914657401823
 5.129999999999999 0.07290032686489933
 5.140000000000001 0.1218881012835203
 5.150000000000002 0.1717541057463249
 5.16 0.2224796521868542
 5.170000000000002 0.2740457359050141
 5.18 0.3264330430400909
 5.190000000000001 0.3796219581649976
 5.199999999999999 0.4335925719981556
 5.210000000000001 0.4883246892305368
 5.219999999999999 0.5437978364641434
 5.23 0.5999912702593806
 5.240000000000002 0.6568839852875099
 5.25 0.7144547225854299
 5.260000000000002 0.772681977909309
 5.27 0.8315440101835208
 5.280000000000001 0.8910188500420491
 5.289999999999999 0.9510843084583074
 5.300000000000001 1.011717985460615
 5.309999999999999 1.072897278929174
 5.32 1.134599393471734
 5.330000000000002 1.196801349373751
 5.34 1.259479991619993
 5.350000000000001 1.322611998983818
 5.359999999999999 1.386173893180259
 5.370000000000001 1.450142048079832
 5.379999999999999 1.514492698978728
 5.390000000000001 1.579201951922377
 5.400000000000002 1.64424579307802
 5.41 1.70960009815308
 5.420000000000002 1.775240641855401
 5.43 1.841143107391318
 5.440000000000001 1.907283095998388
 5.449999999999999 1.973636136508248
 5.460000000000001 2.040177694936549
 5.469999999999999 2.106883184095405
 5.48 2.173727973225272
 5.490000000000002 2.240687397641709
 5.5 2.30773676839376
 5.510000000000002 2.374851381929883
 5.52 2.442006529767352
 5.530000000000001 2.509177508161857
 5.539999999999999 2.576339627772753
 5.550000000000001 2.643468223320835
 5.559999999999999 2.710538663234069
 5.57 2.777526359278188
 5.580000000000002 2.844406776167584
 5.59 2.911155441153285
 5.600000000000001 2.977747953583942
 5.609999999999999 3.044159994435811
 5.620000000000001 3.110367335808526
 5.629999999999999 3.17634585038213
 5.640000000000001 3.242071520832417
 5.650000000000002 3.307520449200047
 5.66 3.372668866210344
 5.670000000000002 3.437493140539816
 5.68 3.501969788025497
 5.690000000000001 3.566075480814012
 5.699999999999999 3.62978705644603
 5.710000000000001 3.693081526873235
 5.719999999999999 3.755936087403479
 5.73 3.818328125571314
 5.740000000000002 3.880235229929672
 5.75 3.94163519875976
 5.760000000000002 4.002506048695482
 5.77 4.062826023258776
 5.780000000000001 4.12257360130297
 5.789999999999999 4.181727505360193
 5.800000000000001 4.240266709890169
 5.809999999999999 4.298170449426458
 5.82 4.3554182266176
 5.830000000000002 4.411989820159298
 5.84 4.467865292615031
 5.850000000000001 4.523024998121778
 5.859999999999999 4.577449589977612
 5.870000000000001 4.631120028108629
 5.879999999999999 4.684017586411677
 5.890000000000001 4.73612385997056
 5.900000000000002 4.78742077214229
 5.91 4.837890581511046
 5.920000000000002 4.8875158887069
 5.93 4.936279643086406
 5.940000000000001 4.984165149272908
 5.949999999999999 5.031156073553372
 5.960000000000001 5.077236450129821
 5.969999999999999 5.1223906872223
 5.98 5.166603573021542
 5.990000000000002 5.209860281488459
 6 5.252146377998551
 6.010000000000002 5.293447824828862
 6.02 5.333750986485164
 6.030000000000001 5.373042634867646
 6.039999999999999 5.411309954272595
 6.050000000000001 5.448540546228578
 6.059999999999999 5.484722434164771
 6.07 5.519844067910014
 6.080000000000002 5.553894328020425
 6.09 5.586862529934198
 6.100000000000001 5.618738427951821
 6.109999999999999 5.649512219040019
 6.120000000000001 5.679174546458235
 6.129999999999999 5.707716503205891
 6.140000000000001 5.735129635289393
 6.150000000000002 5.761405944807318
 6.16 5.786537892852783
 6.170000000000002 5.810518402231831
 6.18 5.833340859996615
 6.190000000000001 5.854999119792675
 6.199999999999999 5.875487504019093
 6.210000000000001 5.89480080580099
 6.219999999999999 5.912934290773325
 6.23 5.929883698675572
 6.240000000000002 5.94564524475642
 6.25 5.960215620988186
 6.260000000000002 5.973591997090346
 6.27 5.985772021361818
 6.280000000000001 5.996753821321782
 6.289999999999999 6.006536004158677
 6.300000000000001 6.015117656987363
 6.309999999999999 6.022498346914261
 6.32 6.028678120910552
 6.330000000000002 6.03365750549347
 6.34 6.037437506215872
 6.350000000000001 6.040019606964315
 6.359999999999999 6.041405769065933
 6.370000000000001 6.041598430204523
 6.379999999999999 6.040600503146292
 6.390000000000001 6.038415374275816
 6.400000000000002 6.035046901942799
 6.41 6.030499414620371
 6.420000000000002 6.024777708875623
 6.43 6.017887047153314
 6.440000000000001 6.009833155373548
 6.449999999999999 6.00062222034454
 6.460000000000001 5.990260886991416
 6.469999999999999 5.978756255402292
 6.48 5.966115877692741
 6.490000000000002 5.952347754690028
 6.5 5.937460332438404
 6.510000000000002 5.92146249852688
 6.52 5.904363578241068
 6.530000000000001 5.886173330540516
 6.539999999999999 5.866901943863347
 6.550000000000001 5.846560031759696
 6.559999999999999 5.825158628355982
 6.57 5.802709183651577
 6.580000000000002 5.779223558650038
 6.59 5.754714020326704
 6.600000000000001 5.729193236434726
 6.609999999999999 5.702674270151781
 6.620000000000001 5.675170574569388
 6.629999999999999 5.646695987027331
 6.640000000000001 5.61726472329522
 6.650000000000002 5.586891371603803
 6.66 5.555590886528245
 6.670000000000002 5.523378582725885
 6.68 5.490270128531177
 6.690000000000001 5.456281539410098
 6.699999999999999 5.421429171277006
 6.710000000000001 5.385729713676314
 6.719999999999999 5.349200182832088
 6.73 5.311857914567991
 6.740000000000002 5.273720557100832
 6.75 5.234806063710293
 6.760000000000002 5.195132685287935
 6.77 5.154718962768622
 6.780000000000001 5.113583719447073
 6.789999999999999 5.071746053183074
 6.800000000000001 5.029225328498051
 6.809999999999999 4.986041168566634
 6.82 4.94221344710598
 6.830000000000002 4.897762280166609
 6.84 4.852708017827648
 6.850000000000001 4.8070712358
 6.859999999999999 4.760872726940992
 6.870000000000001 4.71413349268351
 6.879999999999999 4.666874734383568
 6.890000000000001 4.61911784458929
 6.900000000000002 4.570884398235333
 6.91 4.522196143765864
 6.920000000000002 4.473074994189861
 6.93 4.423543018072477
 6.940000000000001 4.373622430465705
 6.949999999999999 4.323335583782498
 6.960000000000001 4.272704958617479
 6.969999999999999 4.221753154518497
 6.98 4.17050288071217
 6.990000000000002 4.118976946787702
 7 4.06719825334229
 7.010000000000002 4.01518978259204
 7.02 3.962974588952382
 7.030000000000001 3.910575789591283
 7.039999999999999 3.858016554959669
 7.050000000000001 3.805320099302238
 7.059999999999999 3.752509671153104
 7.07 3.699608543819467
 7.080000000000002 3.646640005857766
 7.09 3.593627351545621
 7.100000000000001 3.540593871353622
 7.109999999999999 3.487562842420973
 7.120000000000001 3.43455751903836
 7.129999999999999 3.381601123142425
 7.140000000000001 3.328716834825113
 7.150000000000002 3.275927782862247
 7.16 3.223257035264696
 7.170000000000002 3.170727589856115
 7.18 3.118362364881232
 7.190000000000001 3.06618418964799
 7.199999999999999 3.01421579520789
 7.210000000000001 2.962479805077676
 7.219999999999999 2.910998726006693
 7.23 2.859794938793041
 7.240000000000002 2.80889068915278
 7.25 2.758308078645391
 7.260000000000002 2.708069055659346
 7.27 2.658195406461569
 7.280000000000001 2.60870874631395
 7.289999999999999 2.559630510661016
 7.300000000000001 2.510981946391763
 7.309999999999999 2.462784103179696
 7.32 2.415057824904017
 7.330000000000002 2.367823741155928
 7.34 2.321102258833055
 7.350000000000001 2.274913553825521
 7.359999999999999 2.229277562797179
 7.370000000000001 2.18421397506491
 7.379999999999999 2.139742224579732
 7.390000000000001 2.095881482012442
 7.400000000000002 2.052650646947457
 7.41 2.010068340187602
 7.420000000000002 1.968152896173085
 7.43 1.926922355517865
 7.440000000000001 1.88639445766603
 7.449999999999999 1.846586633671597
 7.460000000000001 1.80751599910416
 7.469999999999999 1.769199347083716
 7.48 1.731653141446984
 7.490000000000002 1.694893510048423
 7.5 1.658936238198275
 7.510000000000002 1.62379676224042
 7.52 1.589490163272743
 7.530000000000001 1.556031161012221
 7.539999999999999 1.523434107807575
 7.550000000000001 1.491712982801507
 7.559999999999999 1.460881386245252
 7.57 1.430952533967342
 7.580000000000002 1.401939251999172
 7.59 1.373853971359235
 7.600000000000001 1.346708722998241
 7.609999999999999 1.320515132907251
 7.620000000000001 1.295284417390527
 7.629999999999999 1.27102737850532
 7.640000000000001 1.247754399670104
 7.650000000000002 1.225475441443316
 7.66 1.204200037474077
 7.670000000000002 1.183937290626596
 7.68 1.164695869279902
 7.690000000000001 1.146484003804195
 7.699999999999999 1.129309483215461
 7.710000000000001 1.11317965200946
 7.719999999999999 1.098101407176588
 7.73 1.0840811953986
 7.740000000000002 1.071125010428501
 7.75 1.059238390654524
 7.760000000000002 1.048426416849226
 7.77 1.038693710104654
 7.780000000000001 1.030044429954286
 7.789999999999999 1.022482272682649
 7.800000000000001 1.016010469823159
 7.809999999999999 1.010631786844896
 7.82 1.006348522028752
 7.830000000000002 1.003162505533472
 7.84 1.001075098651924
 7.850000000000001 1.000087193257899
 7.859999999999999 1.000199211443688
 7.870000000000001 1.001411105348553
 7.879999999999999 1.003722357178176
 7.890000000000001 1.007131979415076
 7.900000000000002 1.011638515219907
 7.91 1.017240039023475
 7.920000000000002 1.023934157309252
 7.93 1.031718009586029
 7.940000000000001 1.040588269550394
 7.949999999999999 1.050541146438466
 7.960000000000001 1.061572386566457
 7.969999999999999 1.073677275059327
 7.98 1.086850637766952
 7.990000000000002 1.101086843366923
 8 1.116379805653228
 8.010000000000002 1.132722986009858
 8.02 1.150109396068294
 8.030000000000001 1.168531600547937
 8.039999999999999 1.187981720278167
 8.050000000000001 1.208451435401011
 8.059999999999999 1.229931988752926
 8.07 1.252414189424562
 8.080000000000002 1.275888416496845
 8.09 1.300344622952075
 8.100000000000001 1.325772339758387
 8.109999999999999 1.352160680125849
 8.120000000000001 1.37949834393271
 8.129999999999999 1.407773622319739
 8.140000000000001 1.4369744024511
 8.150000000000002 1.467088172439567
 8.16 1.498102026434339
 8.170000000000002 1.530002669869313
 8.18 1.5627764248696
 8.190000000000001 1.596409235814387
 8.199999999999999 1.630886675053558
 8.210000000000001 1.666193948776155
 8.219999999999999 1.702315903027937
 8.23 1.739237029876009
 8.240000000000002 1.776941473717661
 8.25 1.8154130377312
 8.260000000000002 1.854635190466058
 8.27 1.89459107256939
 8.280000000000001 1.9352635036468
 8.289999999999999 1.976634989254013
 8.300000000000001 2.018687728017135
 8.309999999999999 2.061403618878184
 8.32 2.104764268463434
 8.330000000000002 2.148750998571183
 8.34 2.193344853776266
 8.350000000000001 2.238526609148166
 8.359999999999999 2.284276778079404
 8.370000000000001 2.330575620221506
 8.379999999999999 2.377403149524838
 8.390000000000001 2.424739142379599
 8.400000000000002 2.472563145854201
 8.41 2.520854486028137
 8.420000000000002 2.569592276415815
 8.43 2.618755426477815
 8.440000000000001 2.668322650216568
 8.449999999999999 2.718272474852465
 8.460000000000001 2.768583249577483
 8.469999999999999 2.819233154382228
 8.48 2.870200208953427
 8.490000000000002 2.921462281637734
 8.5 2.9729970984687
 8.510000000000002 3.0247822522531
 8.52 3.076795211712779
 8.530000000000001 3.129013330678791
 8.539999999999999 3.181413857333594
 8.550000000000001 3.233973943498141
 8.559999999999999 3.286670653959559
 8.57 3.339480975836277
 8.580000000000002 3.392381827976213
 8.59 3.445350070384769
 8.600000000000001 3.498362513678602
 8.609999999999999 3.551395928561217
 8.620000000000001 3.604427055317026
 8.629999999999999 3.657432613319481
 8.640000000000001 3.710389310550047
 8.650000000000002 3.763273853123616
 8.66 3.816062954817001
 8.670000000000002 3.868733346596477
 8.68 3.921261786140359
 8.690000000000001 3.973625067353261
 8.699999999999999 4.025800029867606
 8.710000000000001 4.0777635685292
 8.719999999999999 4.12949264286241
 8.73 4.180964286511776
 8.740000000000002 4.232155616655652
 8.75 4.283043843388571
 8.760000000000002 4.333606279068361
 8.77 4.383820347624076
 8.780000000000001 4.433663593821437
 8.789999999999999 4.483113692481514
 8.800000000000001 4.532148457649492
 8.809999999999999 4.580745851709271
 8.82 4.628883994440795
 8.830000000000002 4.676541172015916
 8.84 4.723695845929602
 8.850000000000001 4.770326661862737
 8.859999999999999 4.816412458472739
 8.870000000000001 4.861932276108922
 8.879999999999999 4.906865365448532
 8.890000000000001 4.951191196050523
 8.900000000000002 4.994889464823139
 8.91 5.037940104402246
 8.920000000000002 5.080323291436926
 8.93 5.122019454778811
 8.940000000000001 5.16300928357224
 8.949999999999999 5.203273735241523
 8.960000000000001 5.242794043372541
 8.969999999999999 5.281551725485078
 8.98 5.319528590693145
 8.990000000000002 5.356706747249839
 9 5.393068609973996
 9.010000000000002 5.428596907555497
 9.02 5.463274689736176
 9.030000000000001 5.497085334363745
 9.039999999999999 5.530012554315474
 9.050000000000001 5.562040404289251
 9.060000000000002 5.593153287458896
 9.07 5.623335961991317
 9.080000000000002 5.652573547422793
 9.09 5.68085153089165
 9.100000000000001 5.708155773225126
 9.109999999999999 5.734472514877595
 9.120000000000001 5.759788381718106
 9.129999999999999 5.784090390664555
 9.140000000000001 5.807365955162517
 9.150000000000002 5.829602890506256
 9.16 5.850789418999935
 9.170000000000002 5.870914174956891
 9.18 5.889966209534824
 9.190000000000001 5.907934995405181
 9.199999999999999 5.924810431254552
 9.210000000000001 5.940582846116527
 9.219999999999999 5.95524300353199
 9.23 5.968782105536405
 9.240000000000002 5.981191796472251
 9.25 5.992464166625201
 9.260000000000002 6.002591755682523
 9.27 6.011567556012214
 9.280000000000001 6.019385015761668
 9.289999999999999 6.026038041774472
 9.300000000000001 6.031521002324211
 9.310000000000002 6.035828729664158
 9.32 6.038956522391742
 9.330000000000002 6.040900147626905
 9.34 6.041655843003358
 9.350000000000001 6.041220318471972
 9.359999999999999 6.039590757915538
 9.370000000000001 6.036764820574196
 9.379999999999999 6.032740642280969
 9.390000000000001 6.027516836506845
 9.400000000000002 6.021092495214987
 9.41 6.013467189523691
 9.420000000000002 6.004640970177759
 9.43 5.994614367828159
 9.440000000000001 5.98338839311971
 9.449999999999999 5.970964536586846
 9.460000000000001 5.957344768357371
 9.469999999999999 5.942531537664378
 9.48 5.926527772166405
 9.490000000000002 5.909336877076186
 9.5 5.890962734098198
 9.510000000000002 5.871409700175458
 9.52 5.850682606046088
 9.530000000000001 5.828786754610048
 9.539999999999999 5.805727919106876
 9.550000000000001 5.781512341104877
 9.560000000000002 5.756146728302805
 9.57 5.729638252144662
 9.580000000000002 5.701994545248635
 9.59 5.673223698651259
 9.600000000000001 5.643334258867628
 9.609999999999999 5.612335224769135
 9.620000000000001 5.580236044279602
 9.629999999999999 5.547046610891452
 9.640000000000001 5.512777260002924
 9.650000000000002 5.477438765078124
 9.66 5.441042333631128
 9.670000000000002 5.403599603035827
 9.68 5.365122636163291
 9.690000000000001 5.325623916848045
 9.699999999999999 5.285116345185451
 9.710000000000001 5.243613232661618
 9.719999999999999 5.201128297118191
 9.73 5.15767565755357
 9.740000000000002 5.113269828763038
 9.75 5.067925715819559
 9.760000000000002 5.021658608397557
 9.77 4.974484174942106
 9.780000000000001 4.926418456685405
 9.789999999999999 4.877477861513415
 9.800000000000001 4.827679157684562
 9.810000000000002 4.777039467403515
 9.82 4.725576260252135
 9.830000000000002 4.673307346480376
 9.84 4.620250870159998
 9.850000000000001 4.566425302203283
 9.859999999999999 4.511849433250191
 9.870000000000001 4.456542366426065
 9.879999999999999 4.400523509973446
 9.890000000000001 4.343812569760266
 9.900000000000002 4.286429541667975
 9.91 4.22839470386219
 9.920000000000002 4.169728608949046
 9.93 4.11045207602063
 9.940000000000001 4.050586182592112
 9.949999999999999 3.990152256434418
 9.960000000000001 3.929171867305005
 9.969999999999999 3.867666818580723
 9.98 3.805659138795375
 9.990000000000002 3.743171073086007
 10 3.680225074550806
 10.01 3.616843795522211
 10.02 3.553050078758962
 10.03 3.488866948560009
 10.04 3.424317601804511
 10.05 3.359425398920766
 10.06 3.294213854788348
 10.07 3.228706629576517
 10.08 3.16292751952275
 10.09 3.0969004476553
 10.1 3.030649454462893
 10.11 2.964198688515987
 10.12 2.897572397042556
 10.13 2.83079491646295
 10.14 2.763890662886757
 10.15 2.69688412257627
 10.16 2.629799842379673
 10.17 2.562662420138055
 10.18 2.495496495070257
 10.19 2.428326738138806
 10.2 2.361177842401506
 10.21 2.294074513351741
 10.22 2.22704145925211
 10.23 2.160103381464482
 10.24 2.093284964781044
 10.25 2.026610867759585
 10.26 1.960105713067129
 10.27 1.89379407783597
 10.28 1.827700484035351
 10.29 1.761849388863378
 10.3 1.696265175162214
 10.31 1.630972141861095
 10.32 1.565994494450403
 10.33 1.501356335490807
 10.34 1.437081655161479
 10.35 1.373194321850587
 10.36 1.309718072792493
 10.37 1.246676504754686
 10.38 1.184093064778847
 10.39 1.121991040979048
 10.4 1.060393553401412
 10.41 0.9993235449483211
 10.42 0.9388037723710344
 10.43 0.8788567973344732
 10.44 0.8195049775572334
 10.45 0.7607704580309889
 10.46 0.7026751623221181
 10.47 0.6452407839596767
 10.48 0.5884887779124927
 10.49 0.5324403521594115
 10.5 0.4771164593555247
 10.51 0.4225377885979292
 10.52 0.3687247572944701
 10.53 0.3156975031382283
 10.54 0.263475876191543
 10.55 0.2120794310821125
 10.56 0.1615274193148667
 10.57 0.1118387817022019
 10.58 0.06303214091578779
 10.59 0.01512579416308146
 10.6 -0.03186229400897311
 10.61 -0.07791449877965129
 10.62 -0.1230135419872997
 10.63 -0.1671424989260283
 10.64 -0.2102848050040645
 10.65 -0.2524242622606216
 10.66 -0.2935450457390748
 10.67 -0.3336317097137519
 10.68 -0.3726691937677125
 10.69 -0.4106428287194566
 10.7 -0.4475383423957634
 10.71 -0.4833418652488007
 10.72 -0.5180399358148386
 10.73 -0.5516195060128115
 10.74 -0.584067946280221
 10.75 -0.6153730505446511
 10.76 -0.6455230410287778
 10.77 -0.6745065728868644
 10.78 -0.7023127386711581
 10.79 -0.7289310726260846
 10.8 -0.7543515548088565
 10.81 -0.7785646150345465
 10.82 -0.8015611366442976
 10.83 -0.8233324600950638
 10.84 -0.8438703863693802
 10.85 -0.8631671802040013
 10.86 -0.8812155731358816
 10.87 -0.8980087663645189
 10.88 -0.913540433429302
 10.89 -0.9278047227009995
 10.9 -0.9407962596862097
 10.91 -0.9525101491440038
 10.92 -0.9629419770138458
 10.93 -0.9720878121539978
 10.94 -0.9799442078898079
 10.95 -0.9865082033711552
 10.96 -0.9917773247386122
 10.97 -0.9957495860977723
 10.98 -0.9984234903014271
 10.99 -0.9997980295392248
 11 -0.9998726857346149
 11.01 -0.9986474307488983
 11.02 -0.996122726392311
 11.03 -0.9922995242421305
 11.04 -0.987179265267891
 11.05 -0.9807638792638307
 11.06 -0.973055784088835
 11.07 -0.9640578847141427
 11.08 -0.9537735720792011
 11.09 -0.9422067217561684
 11.1 -0.9293616924235092
 11.11 -0.9152433241494039
 11.12 -0.8998569364855272
 11.13 -0.8832083263720985
 11.14 -0.8653037658548799
 11.15 -0.8461499996152
 11.16 -0.825754242313844
 11.17 -0.8041241757499223
 11.18 -0.7812679458359268
 11.19 -0.7571941593899953
 11.2 -0.7319118807469009
 11.21 -0.7054306281888554
 11.22 -0.6777603701978241
 11.23 -0.6489115215305568
 11.24 -0.618894939118189
 11.25 -0.5877219177918083
 11.26 -0.5554041858357768
 11.27 -0.5219539003707029
 11.28 -0.4873836425676166
 11.29 -0.451706412695613
 11.3 -0.4149356250045559
 11.31 -0.3770851024452617
 11.32 -0.3381690712289521
 11.33 -0.2982021552282659
 11.34 -0.2571993702222028
 11.35 -0.2151761179869447
 11.36 -0.1721481802353435
 11.37 -0.1281317124070301
 11.38 -0.08314323731209128
 11.39 -0.03719963863035913
 11.4 0.009681845730615146
 11.41 0.0574836304166495
 11.42 0.1061877895442302
 11.43 0.1557760637510883
 11.44 0.2062298673776759
 11.45 0.2575302957761421
 11.46 0.3096581327444649
 11.47 0.3625938580822043
 11.48 0.4163176552654442
 11.49 0.4708094192373051
 11.5 0.5260487643113787
 11.51 0.5820150321847636
 11.52 0.638687300057303
 11.53 0.6960443888542911
 11.54 0.754064871548755
 11.55 0.8127270815806342
 11.56 0.8720091213688933
 11.57 0.9318888709136686
 11.58 0.9923439964848391
 11.59 1.053351959393333
 11.6 1.114890024842225
 11.61 1.176935270853416
 11.62 1.239464597267058
 11.63 1.302454734809421
 11.64 1.365882254226308
 11.65 1.429723575477701
 11.66 1.493954976990505
 11.67 1.558552604965534
 11.68 1.623492482734758
 11.69 1.688750520165681
 11.7 1.7543025231084
 11.71 1.820124202882307
 11.72 1.886191185797927
 11.73 1.952479022710849
 11.74 2.01896319860322
 11.75 2.085619142189568
 11.76 2.152422235542919
 11.77 2.219347823737112
 11.78 2.286371224502099
 11.79 2.353467737887617
 11.8 2.42061265593219
 11.81 2.487781272332837
 11.82 2.554948892112264
 11.83 2.622090841279441
 11.84 2.689182476479488
 11.85 2.756199194629625
 11.86 2.823116442536624
 11.87 2.889909726492694
 11.88 2.956554621845213
 11.89 3.023026782537277
 11.9 3.089301950614545
 11.91 3.155355965695158
 11.92 3.221164774398756
 11.93 3.28670443973063
 11.94 3.351951150417809
 11.95 3.416881230192703
 11.96 3.481471147021329
 11.97 3.545697522271707
 11.98 3.609537139819545
 11.99 3.672966955086867
 12 3.735964104010556
 12.01 3.798505911937056
 12.02 3.860569902439427
 12.03 3.922133806053855
 12.04 3.983175568931438
 12.05 4.043673361402516
 12.06 4.103605586449476
 12.07 4.162950888085211
 12.08 4.22168815963369
 12.09 4.27979655190912
 12.1 4.337255481291034
 12.11 4.394044637691403
 12.12 4.450143992411284
 12.13 4.505533805883266
 12.14 4.560194635297243
 12.15 4.614107342105909
 12.16 4.667253099407482
 12.17 4.719613399202515
 12.18 4.771170059521776
 12.19 4.821905231422776
 12.2 4.87180140585169
 12.21 4.920841420368433
 12.22 4.969008465731741
 12.23 5.016286092342177
 12.24 5.062658216539965
 12.25 5.108109126755636
 12.26 5.152623489510812
 12.27 5.196186355266659
 12.28 5.238783164118083
 12.29 5.280399751330895
 12.3 5.321022352720308
 12.31 5.360637609868124
 12.32 5.399232575176977
 12.33 5.436794716759438
 12.34 5.473311923159949
 12.35 5.508772507908064
 12.36 5.543165213900788
 12.37 5.576479217612714
 12.38 5.608704133131864
 12.39 5.639830016020109
 12.4 5.669847366996209
 12.41 5.698747135440379
 12.42 5.726520722718854
 12.43 5.753159985327066
 12.44 5.778657237850472
 12.45 5.80300525574154
 12.46 5.826197277912153
 12.47 5.848227009140107
 12.48 5.869088622289052
 12.49 5.888776760340773
 12.5 5.907286538239219
 12.51 5.924613544545489
 12.52 5.940753842903072
 12.53 5.955703973312986
 12.54 5.969460953218078
 12.55 5.982022278396346
 12.56 5.993385923662692
 12.57 6.003550343379102
 12.58 6.012514471772902
 12.59 6.020277723063059
 12.6 6.026839991394529
 12.61 6.032201650580652
 12.62 6.036363553653785
 12.63 6.039327032224322
 12.64 6.041093895648462
 12.65 6.041666430004998
 12.66 6.041047396881657
 12.67 6.039240031971433
 12.68 6.036248043479558
 12.69 6.03207561034173
 12.7 6.026727380254393
 12.71 6.020208467517824
 12.72 6.012524450693009
 12.73 6.003681370073151
 12.74 5.993685724970981
 12.75 5.982544470822901
 12.76 5.970265016111147
 12.77 5.956855219105328
 12.78 5.942323384424516
 12.79 5.926678259421466
 12.8 5.909929030390269
 12.81 5.892085318599148
 12.82 5.873157176149897
 12.83 5.853155081665661
 12.84 5.83208993580892
 12.85 5.809973056631299
 12.86 5.786816174757341
 12.87 5.762631428403931
 12.88 5.737431358237663
 12.89 5.711228902071967
 12.9 5.684037389406408
 12.91 5.655870535810153
 12.92 5.626742437151964
 12.93 5.596667563679162
 12.94 5.565660753947702
 12.95 5.533737208606134
 12.96 5.500912484035628
 12.97 5.467202485848979
 12.98 5.432623462250877
 12.99 5.39719199726245
 13 5.360925003812561
 13.01 5.323839716698751
 13.02 5.285953685420776
 13.03 5.247284766889373
 13.04 5.207851118013524
 13.05 5.167671188168853
 13.06 5.12676371155057
 13.07 5.085147699413733
 13.08 5.042842432204076
 13.09 4.999867451582726
 13.1 4.956242552347679
 13.11 4.911987774255729
 13.12 4.867123393747666
 13.13 4.821669915580595
 13.14 4.775648064370215
 13.15 4.729078776046984
 13.16 4.6819831892292
 13.17 4.634382636516628
 13.18 4.586298635708374
 13.19 4.537752880948092
 13.2 4.488767233800638
 13.21 4.439363714263208
 13.22 4.389564491715136
 13.23 4.339391875809433
 13.24 4.288868307310292
 13.25 4.238016348879785
 13.26 4.18685867581766
 13.27 4.135418066758135
 13.28 4.083717394326973
 13.29 4.031779615763182
 13.3 3.979627763508515
 13.31 3.927284935769127
 13.32 3.874774287052737
 13.33 3.822119018685258
 13.34 3.769342369310949
 13.35 3.716467605379385
 13.36 3.66351801162369
 13.37 3.610516881533258
 13.38 3.557487507825379
 13.39 3.504453172919018
 13.4 3.451437139415157
 13.41 3.398462640587047
 13.42 3.345552870884401
 13.43 3.292730976455519
 13.44 3.240020045690697
 13.45 3.187443099791293
 13.46 3.135023083367655
 13.47 3.082782855070278
 13.48 3.030745178257369
 13.49 2.97893271170314
 13.5 2.927368000350112
 13.51 2.876073466109313
 13.52 2.825071398712274
 13.53 2.774383946618033
 13.54 2.724033107979355
 13.55 2.674040721671242
 13.56 2.624428458385877
 13.57 2.575217811797145
 13.58 2.526430089798456
 13.59 2.478086405817563
 13.6 2.430207670211441
 13.61 2.382814581745207
 13.62 2.335927619157962
 13.63 2.289567032819493
 13.64 2.243752836480643
 13.65 2.198504799121178
 13.66 2.153842436898021
 13.67 2.10978500519725
 13.68 2.066351490793203
 13.69 2.023560604117468
 13.7 1.981430771641313
 13.71 1.939980128374161
 13.72 1.899226510481584
 13.73 1.85918744802531
 13.74 1.81988015782862
 13.75 1.781321536469632
 13.76 1.743528153405437
 13.77 1.706516244229982
 13.78 1.670301704068064
 13.79 1.634900081108519
 13.8 1.600326570278762
 13.81 1.566596007063632
 13.82 1.533722861470708
 13.83 1.501721232144639
 13.84 1.470604840632975
 13.85 1.44038702580551
 13.86 1.411080738429723
 13.87 1.38269853590416
 13.88 1.355252577152197
 13.89 1.328754617677909
 13.9 1.303216004786346
 13.91 1.278647672969888
 13.92 1.255060139462626
 13.93 1.232463499964651
 13.94 1.210867424537742
 13.95 1.190281153674358
 13.96 1.170713494541278
 13.97 1.152172817399608
 13.98 1.134667052202394
 13.99 1.118203685371397
 14 1.10278975675417
 14.01 1.088431856762728
 14.02 1.075136123694998
 14.03 1.062908241240015
 14.04 1.051753436168003
 14.05 1.041676476206117
 14.06 1.032681668100855
 14.07 1.024772855867796
 14.08 1.017953419229409
 14.09 1.012226272241605
 14.1 1.007593862109496
 14.11 1.004058168192915
 14.12 1.001620701202045
 14.13 1.000282502583515
 14.14 1.000044144097179
 14.15 1.000905727583774
 14.16 1.002866884923534
 14.17 1.005926778185783
 14.18 1.010084099969443
 14.19 1.015337073934331
 14.2 1.02168345552301
 14.21 1.029120532872936
 14.22 1.037645127918492
 14.23 1.047253597682524
 14.24 1.05794183575679
 14.25 1.06970527397079
 14.26 1.082538884248285
 14.27 1.096437180650723
 14.28 1.111394221606838
 14.29 1.127403612327408
 14.3 1.144458507404341
 14.31 1.162551613592893
 14.32 1.181675192776043
 14.33 1.201821065109761
 14.34 1.222980612347858
 14.35 1.245144781345245
 14.36 1.268304087737965
 14.37 1.292448619798781
 14.38 1.317568042466493
 14.39 1.343651601547654
 14.4 1.370688128088716
 14.41 1.398666042917077
 14.42 1.427573361349112
 14.43 1.457397698063216
 14.44 1.488126272136116
 14.45 1.51974591224015
 14.46 1.552243061999735
 14.47 1.585603785504544
 14.48 1.619813772977523
 14.49 1.654858346595121
 14.5 1.690722466457682
 14.51 1.727390736707505
 14.52 1.764847411791953
 14.53 1.803076402869442
 14.54 1.842061284355326
 14.55 1.881785300605463
 14.56 1.922231372734382
 14.57 1.963382105565623
 14.58 2.005219794711347
 14.59 2.047726433778224
 14.6 2.090883721697048
 14.61 2.134673070172697
 14.62 2.179075611251925
 14.63 2.224072205005444
 14.64 2.269643447321713
 14.65 2.315769677808822
 14.66 2.362430987801682
 14.67 2.409607228471156
 14.68 2.457278019031689
 14.69 2.505422755044585
 14.7 2.554020616813044
 14.71 2.603050577866138
 14.72 2.652491413527782
 14.73 2.702321709567793
 14.74 2.752519870931028
 14.75 2.803064130541528
 14.76 2.853932558177961
 14.77 2.905103069416607
 14.78 2.956553434638753
 14.79 3.008261288098302
 14.8 3.060204137046556
 14.81 3.112359370909901
 14.82 3.164704270517214
 14.83 3.217216017373053
 14.84 3.269871702972746
 14.85 3.322648338156081
 14.86 3.375522862495279
 14.87 3.428472153714047
 14.88 3.481473037133345
 14.89 3.534502295140669
 14.9 3.587536676678451
 14.91 3.640552906748224
 14.92 3.693527695926567
 14.93 3.746437749888798
 14.94 3.799259778937043
 14.95 3.851970507528303
 14.96 3.904546683799244
 14.97 3.956965089083308
 14.98 4.009202547416916
 14.99 4.06123593503033
 15 4.113042189819868


